0.0013125620634081177 1.0033495403894075 0.0014257351296474395 
0.9848281939924644 8.893610648527728E-7 0.17880372248882329 
0.0027889353337481456 0.16616318265706256 0.9869702583205885 
0.6161841658055501 0.3570104482899006 0.704626119729838 
0.4985917282490057 0.282754866813838 0.8220097492946314 
0.651009046000817 0.502389496200582 0.5706499774072684 
0.20903092663169284 0.9608445953734381 0.19266886952173143 
0.7561397282893688 0.6550300070410873 1.663324591131332E-5 
0.09938966827439409 0.7810558303030496 0.6186338924612963 
0.39192105141238653 0.4918982046878495 0.778290566591569 
0.22727735857413497 0.8683329688419191 0.4459353963619997 
0.831404551437217 0.5001727733814229 0.24925514258355136 
0.4959307301606899 0.0028211343118868856 0.8688435232316274 
0.7726398512919724 3.0199359951194694E-4 0.63613714017345 
0.4032965502196008 0.24481873337986243 0.8905918311676801 
0.7167904113368679 6.473062889461629E-7 0.6981275160856164 
0.38564999660620486 0.037412176225009204 0.9250891617546017 
0.009148711407547964 0.9587400918735755 0.288889862962504 
0.8150245663296158 0.5813647053988545 0.003659379545405642 
0.1550458742450269 0.598945946526404 0.7912939640763527 
0.4906249660029337 0.8388581260619774 0.24970789928480908 
3.209029390903181E-4 0.5443715814494559 0.8391835090386591 
0.016872554166673756 0.28572404755581243 0.9602182246850148 
0.326170134945892 0.9372444137960079 0.12618559846468197 
0.9484262234290781 0.27495698087668446 0.1801453476271474 
0.6520892028172727 0.4091781595948373 0.6397436304211759 
0.716355875291433 0.21100522311219228 0.6708451765778668 
8.294984853003182E-4 0.9889414390171916 0.18234815161475634 
0.8075048503295146 0.35177045010992336 0.4930247314332656 
0.17711756228151654 0.6885375002229807 0.7036363011548868 
0.09385155253551486 0.9355867726525352 0.3482259947239582 
0.5437544057822988 0.4106994556134245 0.733027469800906 
0.27857721479869013 0.9620435708776268 0.0038464579788739447 
0.41643163863719246 0.910157387205752 4.478425280680916E-4 
0.9635195905191298 0.1849625809343427 0.22170879294949944 
0.7530261657051935 0.5357969337151307 0.38394127488237 
0.573147375531701 0.8017863149951184 0.17580068506158933 
0.7544191325793077 0.6320037276737055 0.180842785413127 
0.2603394116016814 0.0013508960817039805 0.9675447574138341 
0.8632229776435757 0.3283251189312115 0.3851697332808822 
0.7689674813851268 0.1687042469842706 0.6185534893786763 
0.5522782731345217 0.6816802363974963 0.48075532479261324 
5.197273994603539E-5 0.9094594775476523 0.4196731997947159 
0.9197725399825313 0.34927890593223127 0.1827444241513435 
0.3952934890179698 0.8871301278632839 0.2564064076178776 
0.33771811387557354 0.12610426348880224 0.9337591019665937 
0.44245568212617664 0.3350399192934205 0.8438854366384455 
0.6184419649440682 0.7441833663240248 0.25904778356625013 
0.537986800165489 0.8438111531191343 0.002121074388397566 
0.5860646638623571 0.5143929693208028 0.6272985820961946 
0.09308070217309372 0.9972744258857207 0.0036611505400235035 
0.764266702007687 0.6401431620024125 0.08328977071602368 
0.5135715352665405 0.7872290195974101 0.34809885789746753 
0.3191157642321658 0.7075320596576907 0.6324912614261392 
0.33051710776605014 0.33345505694610655 0.8862791874125524 
0.2129118270499699 0.27646410320574044 0.939510209101346 
0.5281617777290711 0.15311867621478453 0.8371446821744217 
0.14795554788166446 0.4526925174037943 0.8799604390985272 
0.8845683048646232 0.4702457170409735 0.002123344803144974 
0.47014325757662806 0.5343653064798621 0.7040522813108436 
0.1583530072852808 0.5270142052831968 0.8377556217784906 
0.9974391863843128 0.0311536207203815 0.08354162963016173 
0.4595136410762202 0.16239705152962408 0.8774933635535975 
0.9186245642229912 0.09387043719268365 0.38510909493123197 
0.9638807044134818 0.2582897290913348 0.08243771581897838 
0.21061410625970436 0.7444462894170452 0.6371144745371906 
0.49948254494800465 0.7594152113222855 0.41943915831353495 
0.6237983779251614 1.4728073309528124E-4 0.782398193011447 
0.9842935755542699 0.11453700631150111 0.17100262473466538 
0.022224893267274903 1.001533153056993 0.08840164551617115 
0.9649338664010368 2.0958107532850816E-4 0.2683930729535784 
0.752513447066798 0.11407983577978165 0.6627645654583411 
0.9696171305924288 0.24851519337502856 1.6642430631512157E-5 
0.6851293935871721 0.07380836708578886 0.733039006430262 
0.8707450628443303 0.10135516253548016 0.48239376711908627 
0.005994642763668798 0.36480643858439077 0.9362957086690326 
1.00158858376756 0.02922883371565145 1.666000228560729E-5 
0.4287864500668178 0.6386212719998214 0.6409337638920563 
0.7669635019643217 0.595453016094276 0.25634394704969754 
0.9412442200574868 0.028966188539732412 0.34942202149497364 
0.9082629532661166 0.2483107787029598 0.3388291259166802 
0.7614748316881498 0.47121022475241914 0.4522433273876381 
0.33528067490175895 0.4432384350472645 0.8336710473077253 
0.36820513207409566 0.7354763505874503 0.5707733830450942 
0.9015561735127694 0.004070558752753096 0.4358819940833649 
0.6991798881545402 0.5395633653961515 0.47974011114440307 
0.5443360598627487 0.00880087786660195 0.8392382744697386 
0.16881213439561907 0.8453743429036706 0.5110620931701073 
0.6399829973733395 0.769475292935635 0.002397486088001343 
0.12071535694496537 0.34320283516838235 0.9336216616954126 
0.13218772292617373 0.005526399153631168 0.9999205215775548 
0.8824185278800734 0.46815312910000173 0.08284610464168231 
0.14295458893941465 0.218746819059571 0.968281780587073 
0.22871434502192703 0.26330627725565053 0.9390340242664516 
0.25959187044462645 0.780951197724514 0.5698915919482345 
0.9363052877717939 0.35336509701514746 5.903506137477381E-4 
0.987319680408446 0.13863156937726626 0.08798029777598249 
0.0831732059413403 0.8845394594129631 0.4813704785314324 
0.24335694315845857 0.17315454612454534 0.9712655355181103 
0.8211228219810244 0.5665209199288469 0.07734028699997123 
0.8194859962671183 0.09004895551395828 0.5717456369912994 
0.5041893578558292 0.8708254271229279 0.10089877045679022 
0.29194130173815624 0.5822626301512467 0.761337802525401 
0.9146570821477787 0.3232496274835294 0.2580646526761026 
0.8165655591835371 0.4701834640813487 0.35939880368026034 
0.6006868383850307 0.22963896399511466 0.7957944593594761 
0.3977900044906198 0.6119136412026649 0.7221481501333095 
0.0012228044154455108 0.045196860955234903 1.001130780851099 
0.8692865327360277 0.4621217679318451 0.1802380234327662 
0.006751167001228046 0.8086966735900437 0.590208885972812 
0.6647913940853465 0.670807550866307 0.33241658406726676 
0.7018103178584089 0.417869292771627 0.5803078862245438 
0.5285291662745729 0.6310623703244178 0.571229782372365 
0.36964352598309874 0.8131662980602173 0.45111191977743026 
0.06680725583693768 0.5825060259515931 0.8133413289667749 
0.10111348636525831 0.9902339044313346 0.13413239831471654 
0.0013027258272750475 0.7192534345603039 0.6971297620757899 
0.12473844909090641 0.0944871810542143 0.9887846230596411 
0.8547727313131253 0.18585908844418964 0.48710473413897565 
0.6975710502579349 0.7426323204334707 0.005754924357295472 
