0.5000662437783164 1.5520031732422844E-11 3.5530744451486067E-10 
1.5564148834112905E-10 3.6667744404624054E-11 0.5000539345489861 
1.4497384093339291E-6 0.5000613757764787 1.7604886676585246E-8 
0.15290592543390438 0.1434826083283511 0.20363684519006198 
0.38035032380786665 0.11623223098677637 0.003474608112609098 
0.19011594572686094 5.729094600167474E-4 0.30936023576420424 
0.28684116515087044 0.1971831721705577 0.016000718108302812 
0.15142510438124338 0.3021607641686038 0.046462888636974044 
0.020058065196994716 0.03803499047967709 0.44195668265118454 
0.04821471675688446 0.4369010411008888 0.014932534863515383 
0.09740059640154887 0.3095687305763112 0.09305601208472149 
0.1911619825800426 0.16919303695286927 0.13972448617341773 
0.35073508925887154 0.13796054469400512 0.011355126978803587 
0.34348600768570403 0.05042758469733546 0.10613366410683733 
0.20286019722228035 0.17719441695475005 0.11997123893830705 
0.07465846639417 0.23779223294473015 0.18757595315855335 
0.2597621206968374 0.10169622755091098 0.13859040946354226 
0.135357112203482 0.04224501076547881 0.3224307053688651 
0.072006835941961 0.06756918418371075 0.36044973852802714 
0.31043570115415575 0.07660453842120393 0.11301116886898627 
0.0013537641984103957 0.3441729364522867 0.15452492112553434 
0.3080244142672065 0.02882251876453374 0.16320243764975834 
0.29547396319265373 0.06598434113147829 0.13859039262234324 
0.1927859783721156 0.07040387099696378 0.2368589902041951 
0.11169239429188835 0.10767845342603152 0.28067593998148377 
0.47558073011595925 0.008627004888860108 0.015845302421897824 
0.03195680688774788 0.08084577075546139 0.3872471916225216 
0.047524874036430076 0.1494871847808547 0.3030371438375101 
0.35678741845970136 0.08468466262830016 0.05857704797068641 
0.04362619224926663 0.29978494296116753 0.15661434554937906 
0.008348455127336082 0.47190440194822775 0.019796349465455762 
0.17198598671096402 0.034888909980961454 0.2931485844553234 
5.64962251463583E-4 0.09818309632671354 0.4013005854265138 
0.26976854244600257 0.02520435756258892 0.20505180892475233 
0.22318803024195147 0.2367611616459532 0.04009661295232722 
0.18384891975261286 0.14825816019622234 0.16793016918658535 
0.10507252717358713 0.255551478757039 0.13942632312234352 
0.12579533655603486 0.23482868102501167 0.1394263276266895 
0.25333965767711647 0.12948919533031705 0.1172171179742545 
0.15743364247969835 0.22262133254749664 0.11997135284730777 
0.0012804100116218546 0.1477888928348689 0.3509812010767749 
0.2585918558026907 0.0061087614961957745 0.2353823387991045 
0.37862455692762353 0.030229700253146294 0.09118853667746496 
0.2710936358277131 0.05947750153661139 0.169478732159164 
0.03881180568897052 0.22686811774380589 0.2343449737831569 
0.010869176215036119 0.16674010021606464 0.32244369223977093 
0.1698716364186561 0.10381294834090767 0.22636621100527507 
0.10367229452249627 0.3260961709453429 0.07026150644164848 
0.1470429056655287 0.014808295473339825 0.33817761609670705 
0.2757806130199019 0.22175170315505713 0.002514821451376561 
0.2404648706061038 0.2225679816245165 0.037015923758005546 
0.0785867820592684 0.40528237207987955 0.01618067864559519 
0.34394799721326375 0.07624441845566668 0.07986518125323455 
0.050565451264193526 0.05573680415605793 0.39374533670851974 
0.2196776961011515 0.17197609224020516 0.10838325776669124 
0.10385962864415024 0.3648427990741469 0.03134535586723572 
0.18597919172325053 0.29750493525879834 0.01655104979943881 
0.0379710558257299 0.2594124237879655 0.20266516371398158 
0.18354052803094864 0.05728307479634328 0.25920962538702147 
0.10317744363156578 0.19313007654329478 0.20373853175256645 
0.16377320398781653 0.31883395336204856 0.017442920473534088 
0.15584151020771814 0.16531897767743126 0.17888363175075087 
6.018804828574335E-4 0.03617171384092685 0.46327466481965274 
0.17318935429862425 0.19037872959535007 0.13648206413317876 
0.19170461650600185 0.24122157076140466 0.06711798502721558 
0.1373110556493768 0.26669725834143093 0.096015279709075 
0.32092219036729586 0.11892669694689274 0.06020481555831589 
0.2092536874530853 0.12286042526470009 0.16793372531095294 
0.14066259934799918 0.11011861736332061 0.24925747081146557 
0.06751522201851073 0.1743039704857286 0.25822969250877603 
0.3649224446614535 0.05594208877527853 0.07919386785866768 
0.09423025081135578 0.10387170884757344 0.3019213225138383 
0.11580586123280419 0.3680662622160859 0.01618077793989061 
0.3856513071078395 6.687660143684832E-4 0.1137227177263898 
0.4120627323860469 0.03178449052573211 0.0562007173278657 
0.06302821798567325 0.3129324126417558 0.1240836546808803 
0.2520314222871432 0.24785741299897243 1.7395115477521528E-4 
0.12654188554498033 0.13423750272816978 0.23926481321927168 
0.37893917259531024 0.08402119334832842 0.03709397390689172 
0.12566835436576554 0.0126557219110564 0.36172179390221093 
0.0642102749572971 0.02405979815863436 0.4117574895133586 
0.0011407145391930443 0.19696203491427156 0.30192252621627036 
0.4321863567396547 0.06625355028141355 0.0016185732937890748 
0.08118321905066414 0.1918522137849644 0.22701469779335273 
0.21845401678924056 0.20173218986221655 0.07986400111697455 
0.07541061012164937 0.1467477211838284 0.27788857895317753 
0.008911862871305777 0.31334279244024155 0.17777997580469398 
0.0027529695314720713 0.29082655603814034 0.20647155324716382 
0.16704080890952072 0.016822230513211103 0.31618270468186127 
0.3278319218450825 0.1676750076870182 0.004526830847147049 
0.23023114993597127 0.09215211480450441 0.177644584124605 
0.3395962068600863 0.0029191905857881245 0.1575309594413878 
0.06393503268547993 0.36891797456856806 0.06719116504057401 
0.19657541999948192 0.2114551409824335 0.09202009831914976 
0.0017916295115996072 0.45549320240989305 0.04276858275816448 
0.25908972209571346 0.17595646918947824 0.0650027646034846 
0.4262061285143642 0.0024898384355890777 0.07135051452516006 
0.12590794325995683 0.17143356617363972 0.20270934984545835 
0.1485559527635933 0.058329938783928045 0.29316416453007266 
0.21533462287635816 0.08200687608672637 0.2027093427073003 
0.4001888815079939 0.0831657032998589 0.01669445153269083 
0.057121190278575006 0.0016532560883412114 0.44127170012189176 
0.03890343788268465 0.3229139081945964 0.13823589627680008 
0.3581415958432928 0.02743177370844626 0.11447465882100649 
0.2428750796569012 0.045818960368560924 0.21136210891137122 
0.02331344224969171 0.058979397230137114 0.4177568375134901 
0.06795902019810549 0.13206234216458673 0.3000271697941344 
0.11196619119821719 3.374072063984658E-4 0.38774360665382424 
0.07555803375582829 0.10692793987416482 0.31756260560846106 
0.16269397630835378 0.26025632459269454 0.07708492515808797 
0.017494024875414602 0.3704663622742396 0.11206324349480919 
0.022248215278941927 0.405261860349727 0.0725344246264563 
0.005546214527013447 0.26184322533751336 0.2326374729854662 
0.001396822808153945 0.2399842398226496 0.25866748544506696 
0.050698576853239176 0.130888457140415 0.3184396253380658 
0.08192624553048873 0.26038653526512984 0.15771072157802865 
0.07220351883817257 0.33318458194216743 0.09464327953782621 
0.04076049472432744 0.3641468296995785 0.09514288334452575 
0.21145130076153487 0.26606878769475406 0.02252408383833313 
0.08118426247802707 0.2823695137367307 0.1365257831757401 
