0.04094065725803375 0.05692139267921448 6.025792598724365 
0.19114114344120026 3.999483346939087 0.020039105787873268 
2.016432046890259 0.01977097988128662 0.1719251275062561 
0.029493283480405807 2.1775758266448975 5.076967716217041 
0.021663976833224297 2.7436470985412598 4.3942670822143555 
0.9466883540153503 1.2276060581207275 5.010358810424805 
1.2110188007354736 3.2230794429779053 0.020868271589279175 
0.2023356854915619 0.09436588734388351 5.99800443649292 
1.9232405424118042 1.3490151166915894 0.12038184702396393 
0.8174723386764526 3.685346841812134 0.17527052760124207 
2.0079116821289062 0.04537162184715271 0.7780880928039551 
1.6745340824127197 1.1578478813171387 3.1282951831817627 
0.05553557723760605 4.005190849304199 0.5565895438194275 
0.04508305341005325 3.596459150314331 2.7230255603790283 
1.803131103515625 1.8969515562057495 0.44066375494003296 
2.0153417587280273 0.4878748059272766 0.04720263183116913 
0.20504732429981232 3.6985323429107666 2.344917058944702 
1.5819545984268188 0.028791412711143494 3.7824482917785645 
1.0316457748413086 0.8077940344810486 5.089619159698486 
0.047974079847335815 1.4313150644302368 5.650825023651123 
1.236917495727539 0.8814018964767456 4.621718406677246 
0.5349273681640625 1.9501047134399414 5.065415382385254 
0.4541795551776886 2.533702850341797 4.506923198699951 
0.49141478538513184 3.93454647064209 0.04596799984574318 
0.33310139179229736 3.9391045570373535 0.857867419719696 
0.6697080135345459 3.7974863052368164 0.28376758098602295 
1.7340213060379028 2.0912256240844727 0.03168480843305588 
1.4627602100372314 0.022841280326247215 4.171629428863525 
1.2319716215133667 3.168370008468628 0.8580106496810913 
1.4685118198394775 0.41997218132019043 4.156177520751953 
0.044027768075466156 3.074956178665161 3.9317727088928223 
1.8733229637145996 1.389691948890686 1.2507247924804688 
0.24371770024299622 3.994455099105835 0.561200737953186 
1.9712079763412476 0.823634922504425 0.7376127243041992 
0.7728011012077332 1.1762429475784302 5.359538555145264 
0.27797621488571167 3.467860221862793 3.005662202835083 
1.116003394126892 0.03396764025092125 5.0553765296936035 
1.8481515645980835 0.028883714228868484 2.45646595954895 
1.1392245292663574 2.5997438430786133 3.1502487659454346 
1.3049184083938599 1.2492214441299438 4.310556411743164 
0.028496306389570236 2.49187970161438 4.737919330596924 
1.4007275104522705 1.3405308723449707 3.939354658126831 
1.8320320844650269 1.1164100170135498 2.108593225479126 
0.822154700756073 3.372655153274536 2.354001522064209 
0.40844520926475525 3.019808530807495 3.836980104446411 
1.4922987222671509 2.7002549171447754 0.016542978584766388 
1.6300899982452393 2.2968862056732178 1.0651133060455322 
0.8833930492401123 1.4147135019302368 5.078747749328613 
1.0102542638778687 3.4858314990997314 0.02168319560587406 
1.4372138977050781 0.8828017711639404 4.086513519287109 
1.2124695777893066 1.6329028606414795 4.230031490325928 
0.04178864508867264 0.5439916253089905 5.976990222930908 
1.3148212432861328 0.03668695688247681 4.585660934448242 
0.3520464301109314 0.3223600387573242 5.9515275955200195 
0.19815103709697723 2.738435745239258 4.361865997314453 
0.026390329003334045 3.309814691543579 3.415067195892334 
0.3773266673088074 1.2050838470458984 5.698635101318359 
1.3752541542053223 2.9468367099761963 0.5255976319313049 
0.7779689431190491 0.37899070978164673 5.557408809661865 
1.612863540649414 2.4300215244293213 0.020396165549755096 
1.1937755346298218 0.37600651383399963 4.902801513671875 
1.376016616821289 1.937356948852539 3.3775861263275146 
0.4426547884941101 0.8579970598220825 5.755375862121582 
1.087837815284729 3.3407599925994873 1.2347592115402222 
0.044862695038318634 3.8838183879852295 1.650641918182373 
0.14858613908290863 1.9183415174484253 5.299715518951416 
1.9770652055740356 0.8732950687408447 0.03390422835946083 
0.5279634594917297 3.8208305835723877 1.1469147205352783 
1.294165015220642 0.5802411437034607 4.6087646484375 
0.4524592459201813 1.4869284629821777 5.522048473358154 
1.6836203336715698 0.8394935131072998 3.2382962703704834 
0.6255432963371277 2.657921314239502 4.176366329193115 
1.664105772972107 0.5206201672554016 3.3935494422912598 
0.7467228174209595 3.1016671657562256 3.2388017177581787 
0.8862454891204834 3.160318374633789 2.866877317428589 
1.6581567525863647 1.8281019926071167 2.1246120929718018 
1.9387900829315186 0.02282542735338211 1.6849077939987183 
1.2381749153137207 1.964200735092163 3.8525519371032715 
1.5086749792099 2.5419342517852783 1.3414052724838257 
1.9041930437088013 1.4054210186004639 0.7496235966682434 
0.6005169749259949 2.9349124431610107 3.859682083129883 
1.0103332996368408 2.0318973064422607 4.335181713104248 
1.7260324954986572 0.03622126579284668 3.210512638092041 
0.7020675539970398 3.3625316619873047 2.7167561054229736 
1.1797287464141846 2.6802029609680176 2.8070154190063477 
0.5797812938690186 1.0073654651641846 5.591520309448242 
1.8430900573730469 0.4461197555065155 2.46032452583313 
0.7833502292633057 3.731354236602783 0.6981380581855774 
0.23107680678367615 3.037069320678711 3.920833110809326 
0.04508405178785324 0.38335537910461426 6.016097545623779 
0.8752685785293579 2.5545530319213867 3.898111581802368 
0.7400722503662109 3.689746141433716 1.3152427673339844 
0.27902764081954956 3.8642008304595947 1.6602728366851807 
0.3333359360694885 0.6743848323822021 5.89585018157959 
1.474867582321167 2.350203514099121 2.2554738521575928 
1.385097861289978 2.8652262687683105 1.0667752027511597 
1.4885785579681396 2.5077385902404785 1.8087685108184814 
1.051988124847412 1.6352550983428955 4.5874128341674805 
1.1082676649093628 2.989717721939087 2.3811352252960205 
1.3512556552886963 2.864042282104492 1.426120400428772 
0.35020187497138977 3.5750555992126465 2.5803565979003906 
1.6725975275039673 2.2816803455352783 0.5353315472602844 
1.234642744064331 2.910396099090576 2.083772659301758 
1.0020196437835693 3.4995553493499756 0.5976443290710449 
0.565155029296875 3.2739739418029785 3.1489057540893555 
0.6069218516349792 1.6531364917755127 5.238800048828125 
1.7609548568725586 0.8404316902160645 2.7680110931396484 
0.6435508131980896 0.641931414604187 5.699046611785889 
1.168529987335205 2.1115059852600098 3.8386268615722656 
1.4914683103561401 1.1602809429168701 3.7388696670532227 
0.39843180775642395 0.029847057536244392 5.921052932739258 
1.8403557538986206 1.5762500762939453 1.1493803262710571 
1.5287734270095825 2.649207592010498 0.44678232073783875 
0.3755100965499878 2.2095866203308105 4.969790458679199 
1.9143893718719482 0.7220651507377625 1.585839033126831 
1.3365542888641357 3.023099184036255 0.025584040209650993 
1.609412431716919 2.1945009231567383 1.5816763639450073 
0.9071320295333862 1.8428847789764404 4.722492218017578 
0.1432437300682068 3.9583542346954346 1.1108835935592651 
1.5269722938537598 1.9578640460968018 2.669405698776245 
