1.9096605653142987E-10 1.9096606314528646E-10 1.000002817668157 
0.7071084858136474 0.7071085001012128 9.303445098536034E-11 
0.4161346706670859 0.41613466264540033 0.808496850504259 
0.6638285259454388 0.6638285115692992 0.3444854506425592 
0.687715002859034 0.6877150090368644 0.23259695046376344 
0.3878867587544997 0.3878867626228922 0.8361174324183566 
0.03433876514407527 0.03433876504116059 0.9988233361723651 
0.6325190756421136 0.6325190810089683 0.4470390589894411 
0.6984332640756092 0.6984332328154255 0.15616837422104482 
0.6850108907456991 0.6850108670409679 0.2480484106887662 
0.6406279202548285 0.6406278999127578 0.4233215761438471 
0.1823017635616302 0.18230175641020552 0.9661976735131942 
0.3185614754159161 0.3185614774731902 0.8927721088240624 
0.6713698238666895 0.6713698078737151 0.31389582121238113 
0.26653556326411537 0.2665355663130766 0.9262412254954545 
0.1311056560253777 0.1311053802309579 0.9830539942320534 
0.474761929085 0.47476192104204595 0.7410906612162805 
0.5524286573437446 0.5524286498071128 0.6242196860769709 
0.7050424057888026 0.7050424000050911 0.0763924134399478 
0.04957851227448742 0.04957851193210964 0.9975412708075463 
0.3275727664669195 0.32757276413089637 0.8862262142543262 
0.08205401885118797 0.08205420426178937 0.9934373636984859 
0.3697905946306297 0.3697907410009246 0.8524865771720389 
0.21854478497133162 0.21854479183288764 0.9510423779965953 
0.16000404323035625 0.1600040450150878 0.9740686594267295 
0.4294865202471737 0.42948650936306665 0.7944098875553781 
0.5271814592659855 0.527181452038782 0.6664566762288291 
0.1768478204061363 0.17684781791477525 0.9682224214467804 
0.44169085017379556 0.44169083959746813 0.780911364168402 
0.5845370442688083 0.5845370495552499 0.562706512808284 
0.25190324395373 0.2519032401566231 0.9343954849544794 
0.1670018376947522 0.16700183534195062 0.9717127832771227 
0.18915474301765559 0.18915474986426617 0.9635592175435224 
0.5898812304436791 0.589881221401036 0.5514416633813964 
0.7063234210559274 0.7063234064658306 0.04709555403228047 
0.32314416037396726 0.3231441581774082 0.8894718763966549 
0.647343249901907 0.6473432575646386 0.4023653851741857 
0.00421539666258437 0.0042153968085306345 0.9999854114714575 
0.28101640713764015 0.2810164046546137 0.9176403346306378 
0.09106059103008321 0.09106059200367114 0.9916752996296517 
0.6751798692935944 0.6751798553297582 0.29710134855233167 
0.4645436426071494 0.4645436335557821 0.7539258805555978 
0.5622310926225186 0.5622310780562928 0.6064625088853496 
0.09903546771964958 0.0990354529736379 0.9901608136461825 
0.33258263269979277 0.332582625813087 0.8824857612900783 
0.7001449569332371 0.7001449365912205 0.1400038411240725 
0.7069515050488063 0.7069515287393088 0.02111896939940496 
0.060746157412856626 0.06074615695610502 0.9963054736500206 
0.4223613766398241 0.42236137170768534 0.8020142716989594 
0.5319483999599753 0.5319483840709911 0.6588378407993367 
0.34970793863384825 0.34970793090452507 0.8691460056150426 
0.46070861744164315 0.4607086106337891 0.7586170577007283 
0.40790123227968644 0.40790122598413864 0.8168462721725707 
0.48396422113356635 0.4839642122810812 0.7290825751855411 
0.5109497588045878 0.5109497447784975 0.6912783655718112 
0.011272974943630278 0.011272975218881286 0.9998752032406999 
0.27475797163247645 0.27475796650121087 0.9214230184977118 
0.6561544927861385 0.6561544982116608 0.37273016457951896 
0.6929218669239207 0.6929218720876582 0.19930513998159582 
0.3459886189984621 0.3459886242180288 0.8721175441617585 
0.2416883839494453 0.2416883755911052 0.9397758258203175 
0.5733350170055805 0.5733350214920973 0.5853023802133188 
0.4336130465474685 0.433613041551499 0.7899142790152487 
0.46814101567365807 0.4681410119515282 0.749462355578109 
0.4940281268816076 0.4940281181582225 0.7154550437208952 
0.566985328549867 0.5669853131216973 0.597544968509383 
0.12594495968188915 0.1259449464329393 0.9840270101073391 
0.5015279088081737 0.5015279013967536 0.7049429902553428 
0.7034783744042223 0.7034783530427069 0.10123346909589692 
0.5412438254379667 0.5412438306418605 0.6435179636727411 
0.15398764911556265 0.1539876458347816 0.9760031233348139 
0.5176587636270877 0.5176587474979676 0.6812228419865582 
0.19586463481452618 0.19586463199227144 0.9608742710462914 
0.026274930965317238 0.026274930218853132 0.9993127038050064 
0.3763111078209996 0.3763111020021734 0.8466312645921468 
0.06925328226397745 0.06925328055680517 0.9951945801677679 
0.6374189673429108 0.6374189715530506 0.4328961681234926 
0.35521720533934875 0.35521719984359024 0.8646650616145473 
0.23765743051610502 0.23765742121554606 0.941831327531216 
0.6252957924159777 0.6252957983432312 0.46692069691221993 
0.14762542229039194 0.1476254205097823 0.9779662242556718 
0.6520418529683519 0.6520343360607714 0.3934879512908674 
0.2625976565040108 0.26259765860638196 0.9284876644318931 
0.04144629819126143 0.04144629998828545 0.9982844121326341 
0.3128954042816385 0.31289286945055494 0.8973937593280021 
0.14147870518977093 0.14147870249870723 0.9797814046194768 
0.4495610820306223 0.4495610723866168 0.7718779838979978 
0.47876622794391555 0.47876622171258254 0.7359147928947137 
0.3946192029673437 0.394619196459737 0.8297929191545053 
0.12127897740186121 0.12127897576458602 0.9851841336448695 
0.6966392626605772 0.6966392492351151 0.1714455697259265 
0.4533137973776653 0.453313793773546 0.7674757620541885 
0.36309531686731217 0.3630953218236425 0.8580976440619691 
0.7060544118742127 0.7060544028282275 0.0545738468009537 
0.01796495771006459 0.017964957222880294 0.9996802815255457 
0.0737972557518614 0.07379725515835998 0.9945418451527958 
0.6150251531112376 0.6150251354547385 0.4934519253082275 
0.6786644286014254 0.6786644118414973 0.28077251844477263 
0.33831842167859394 0.3383184195037201 0.8781147771135482 
0.5218040279192715 0.5218040163538812 0.6748668049931418 
0.2977268365027092 0.2977268305620991 0.90704039424461 
0.6218402387048079 0.6218402302007969 0.476061476116583 
0.22606117673189768 0.2260611690106745 0.9475230538218724 
0.6532015936900643 0.6532015807217701 0.38296383516603466 
0.11513224433108922 0.11513224336241637 0.9866582332739673 
0.6052446817118942 0.6052446768411628 0.5170702284779928 
0.6086499571413476 0.6086499646230524 0.5090164007146146 
0.2885880237188915 0.28858801220864794 0.9129292595173859 
0.7026980797821164 0.7026980780624182 0.11151593696919385 
0.20923220014242638 0.2092321956753329 0.9552218145292194 
0.30293358567616224 0.30293357812554306 0.9035853541949594 
0.5796762956272095 0.57967630085312 0.5726747788287357 
0.10594968766754345 0.10594968272798554 0.9887140503356574 
0.2851155903695119 0.2851155815810859 0.9151082860850792 
0.5355235644168773 0.5355235687949286 0.6530190539455484 
0.5471247464835169 0.5471247390845195 0.633493731195662 
0.5933884413706356 0.593388449040362 0.5438635690884926 
0.6945164025646823 0.6945163863473502 0.18787851875727465 
0.6914592119369851 0.6914592602765571 0.20929769249546318 
0.48822471689974306 0.4882247085389076 0.7233798177045138 
