0.0031490386463701725 0.0031029880046844482 3.144710063934326 
0.003085253993049264 2.372082233428955 0.006418238393962383 
1.7324916124343872 0.007736180443316698 0.004757249262183905 
1.6222279071807861 0.008489503525197506 0.009929418563842773 
0.004543514922261238 0.013231361284852028 2.2064220905303955 
0.4675585925579071 0.11473339796066284 0.17893843352794647 
0.003262923564761877 0.46778562664985657 0.6576395034790039 
0.21931175887584686 0.5935866236686707 0.01698479801416397 
0.011336524039506912 0.3386859893798828 0.6438767910003662 
0.025313058868050575 0.5635382533073425 0.2751038670539856 
0.7334713339805603 0.10876533389091492 0.0567849799990654 
0.45883896946907043 0.04184096306562424 0.33289459347724915 
0.47495487332344055 0.00523272342979908 0.5617669224739075 
0.4465278089046478 0.17970381677150726 0.10127655416727066 
0.0055274576880037785 0.18067799508571625 1.0454787015914917 
0.12530268728733063 0.020778505131602287 1.023181676864624 
0.19197063148021698 0.026864342391490936 0.8307082653045654 
0.006984577514231205 0.022010451182723045 1.9249578714370728 
0.6662408113479614 0.2494499385356903 0.005096950568258762 
0.056642480194568634 0.05795241892337799 1.0233874320983887 
0.3870523273944855 0.4689178764820099 0.00401114160194993 
0.33097073435783386 0.11261841654777527 0.27192962169647217 
0.008359176106750965 1.8111810684204102 0.004481450654566288 
0.04810260608792305 0.23916077613830566 0.5179766416549683 
0.04756481945514679 0.16946175694465637 0.656518816947937 
0.14746107161045074 0.6746609807014465 0.023382995277643204 
0.0900375172495842 0.2926894724369049 0.322790265083313 
0.1427481323480606 0.09296531975269318 0.5853037238121033 
0.5439332723617554 0.04665147885680199 0.2515315115451813 
1.5306023359298706 0.013227317482233047 0.012192592024803162 
0.04945823550224304 0.05058281868696213 1.1121933460235596 
0.2846958637237549 0.3737313449382782 0.05879206210374832 
0.6595869064331055 0.07572294771671295 0.12563413381576538 
0.012491625733673573 0.37557297945022583 0.5656442046165466 
0.09865528345108032 0.05899924039840698 0.8492351174354553 
0.051540300250053406 0.5995113253593445 0.17283686995506287 
0.08516581356525421 0.2407333105802536 0.40408116579055786 
0.7173858284950256 0.01608186960220337 0.2816051244735718 
0.08358746021986008 0.15497608482837677 0.5731818675994873 
0.0892910361289978 0.18389718234539032 0.48856133222579956 
0.4195139408111572 0.27788713574409485 0.04617859795689583 
0.01567530632019043 1.52299964427948 0.012614998035132885 
0.40630146861076355 0.03557227551937103 0.4530791938304901 
0.025801433250308037 1.1306366920471191 0.037367671728134155 
0.334524929523468 0.4207267463207245 0.01980075053870678 
0.4672302305698395 0.017054995521903038 0.44699928164482117 
0.11888208985328674 0.2421283721923828 0.3331475257873535 
0.014945474453270435 0.2622920572757721 0.7276819348335266 
0.7965173721313477 0.149972602725029 0.015485378913581371 
0.15718629956245422 0.5390007495880127 0.07382524758577347 
0.15334661304950714 0.27903634309768677 0.23465588688850403 
0.2744791507720947 0.22455240786075592 0.16713707149028778 
1.3650532960891724 0.006529020611196756 0.05051063373684883 
0.12567642331123352 0.14794977009296417 0.4819965362548828 
0.0645507350564003 0.12347079068422318 0.7116438746452332 
0.4041518270969391 0.07578598707914352 0.2841092050075531 
0.793559193611145 0.041099242866039276 0.13094180822372437 
0.2322574257850647 0.4798421263694763 0.06151682883501053 
0.09016148746013641 0.3527875244617462 0.26013562083244324 
0.30082693696022034 0.2673454284667969 0.11248794943094254 
0.5345847010612488 0.21259793639183044 0.05530933290719986 
0.2595274746417999 0.02546622045338154 0.6517534255981445 
0.10038643330335617 0.8132317066192627 0.026297196745872498 
0.004222785122692585 0.7371029257774353 0.3834989368915558 
0.050168219953775406 0.08808565884828568 0.9002490639686584 
0.05123623460531235 0.8417014479637146 0.06200446933507919 
0.5284761786460876 0.12826023995876312 0.12350789457559586 
0.00479050911962986 0.624504029750824 0.5473510026931763 
0.13808535039424896 0.4484016001224518 0.12734971940517426 
0.3384720981121063 0.31913700699806213 0.057156458497047424 
0.05170784145593643 0.9468796849250793 0.03426272049546242 
0.029741091653704643 0.45224958658218384 0.3408854603767395 
0.010278300382196903 0.7820137739181519 0.26763302087783813 
0.21195246279239655 0.04098057746887207 0.647049605846405 
0.01286847610026598 0.22004500031471252 0.920526921749115 
0.08605290204286575 0.4357686936855316 0.1958284229040146 
1.088897943496704 0.04003433510661125 0.05636857450008392 
0.31382080912590027 0.4994219243526459 0.00804919470101595 
1.253750205039978 0.05668623745441437 0.020580217242240906 
0.025497175753116608 0.058030158281326294 1.223588466644287 
0.05244490131735802 0.19783957302570343 0.5842397809028625 
0.09759730100631714 0.5730975270271301 0.09906008839607239 
0.19307711720466614 0.20847783982753754 0.2698872983455658 
0.21974468231201172 0.30667129158973694 0.1400110423564911 
0.00828646682202816 1.7444297075271606 0.008512543514370918 
0.145552396774292 0.39106690883636475 0.15243099629878998 
0.22243598103523254 0.22506916522979736 0.2155887335538864 
0.10558357834815979 0.4805928170681 0.13815978169441223 
0.008383075706660748 0.5906105637550354 0.3829577565193176 
0.3095260262489319 0.04056721180677414 0.533939003944397 
0.021368058398365974 0.03782714158296585 1.4479094743728638 
0.05532652884721756 0.6487079858779907 0.1280519813299179 
0.2642149031162262 0.513347864151001 0.01916041038930416 
0.02667330391705036 1.318732738494873 0.014972539618611336 
0.6568365693092346 0.1797035187482834 0.031083762645721436 
0.0404539555311203 0.3703570067882538 0.45345625281333923 
0.5350677967071533 0.32765933871269226 0.005402501672506332 
0.4181050956249237 0.3629280626773834 0.029799634590744972 
0.23778235912322998 0.13475589454174042 0.3314931392669678 
0.0861477181315422 0.6409159898757935 0.08297485113143921 
0.14508511126041412 0.02464974671602249 0.9356533288955688 
0.5410446524620056 0.06940144300460815 0.26301416754722595 
0.18079009652137756 0.11476022750139236 0.4555707573890686 
0.205016627907753 0.37378060817718506 0.10342486202716827 
0.006983817555010319 0.043925076723098755 1.6338366270065308 
0.050032928586006165 0.4698926508426666 0.26673173904418945 
0.02875959500670433 0.6488646268844604 0.202736958861351 
0.009593617171049118 0.13873539865016937 1.1279624700546265 
0.015429200604557991 0.8714564442634583 0.16398131847381592 
0.015333377756178379 0.9259905815124512 0.13816872239112854 
0.2936224341392517 0.171921506524086 0.21624919772148132 
0.23947083950042725 0.19561196863651276 0.2357417345046997 
0.11449205130338669 0.07649533450603485 0.7122325897216797 
0.02846536785364151 0.7047899961471558 0.1719977706670761 
0.14168430864810944 0.1712302565574646 0.40320727229118347 
0.01407823245972395 0.4529794454574585 0.4573332965373993 
0.9292243123054504 0.09557400643825531 0.02757377363741398 
0.033232204616069794 0.31893351674079895 0.47523748874664307 
0.1596938967704773 0.19308574497699738 0.33664289116859436 
0.4794728755950928 0.29799437522888184 0.020180372521281242 
