1.959339983663754E-16 883.5460802333935 4.8031281946345836E-12 
6.947477095185341E-21 5.885517584349923E-19 1.003600652538535 
1.027887787704148 5.278191918466272E-22 2.9409877379689693E-13 
0.8063794978981859 0.004377170996424257 0.040371832786942605 
0.04441750258343216 0.6296266802613859 2.0390079397840932E-5 
0.14415915134694668 0.0034479599345560866 0.564600258281355 
0.2283911240558366 0.23943410200023302 0.037385031902340486 
0.1736810379890677 0.309515591248179 0.03074649821082119 
0.07734549493661859 0.0020514650263098472 0.6806819495905987 
0.03184466230423488 0.6655108056400892 0.008778125774250764 
0.27232830284694 0.06523662645730859 0.22659165305211929 
0.1572457796882038 0.3535116100447994 0.012642871047543993 
0.008458714731768588 0.15876526726260964 0.5135186278528032 
7.617029699080865E-5 0.20666113882502485 0.5395133542557737 
0.01028683015323414 0.7666111538015292 0.025842732628760825 
0.26913527568909207 0.18710735508266102 0.05228371284704701 
0.007709516247009318 0.396649182807989 0.2864112001264845 
0.035283006701407944 0.5809100764285958 0.0535781993434933 
0.03911394186543963 0.6072170046900063 0.025843431041208734 
0.025385073293258426 0.37393645494438693 0.23232377009838334 
0.11775759561721172 0.42324123992688467 0.009287444311546137 
0.013131791892606038 0.29173361062882996 0.350590808493003 
0.002920035974127467 0.24031384423008256 0.4694850462735646 
0.5871555554044868 0.056033153612340236 6.326906497791695E-4 
0.008670263002937374 0.5669406491400893 0.15839099088472874 
0.2476136733817067 0.005696887038879507 0.43045082490358405 
0.16187773083500615 0.13026615630871766 0.23946384086576394 
0.13701354399274712 0.0865681677730106 0.3399502543493603 
0.18565570541511267 0.059714857763330076 0.3294134020050095 
0.00968254763533535 0.8202517775634593 0.008286362709218398 
0.3329331759703162 0.17129326669700848 0.013112404307835928 
0.26301595165250913 0.2116540483543934 0.02982200143292105 
0.6457422623644444 0.03973411929314732 6.326534928496779E-4 
0.18605437338875783 0.3267879738235776 4.4275777669487175E-5 
0.07101715740049519 0.3498192094564214 0.14654936252333803 
0.3997429800970497 0.13750382410846074 0.001264944086929618 
0.3946346426917964 0.13104165367009607 0.013034106702374093 
0.020393067698876555 0.7393233425365662 4.821044825646663E-5 
1.6074417175775455E-4 0.4290477588868595 0.33501173870861495 
0.10424152014916872 0.4645476408999111 4.834121255028017E-8 
0.3061803927849029 0.029219263658647212 0.2786218858608048 
0.027756157557749718 0.07024356065276702 0.5724021061939996 
0.05368044136703685 0.5836474018345578 0.008479547745938476 
0.09417279795286174 0.4349151377865218 0.03787388363488907 
0.17064542825092507 0.2536540789270384 0.08736928572768797 
0.02211533593510301 0.03182379429905966 0.6758365902522978 
0.01990995529861057 0.4423161130045577 0.19950722563617815 
0.09382551429691445 0.22876409669622091 0.21906472729568924 
0.577039888476603 0.023228068474694736 0.09069017640314384 
0.12484382979899844 0.3890159817696243 0.02584422908932414 
0.009413194764361558 0.024510190667034193 0.7517442337858654 
0.21190600079326025 0.30493106682938004 0.0012861958604491784 
0.04543493746247992 0.34301917612762606 0.20411185573567311 
0.002113665670277484 0.9196140293298954 1.9526496202119206E-6 
0.0012338293321594003 0.5420973433531006 0.23175593735686215 
0.011537172000050219 0.8033556594046413 6.331564018610896E-4 
0.2962540982904519 0.1998257311853867 0.013636703115531997 
0.004789540627862408 0.10660821055384712 0.61750772438997 
0.00400322373445665 0.30936061785072755 0.3952117556622928 
0.03512900637230615 0.0917062704056173 0.5140323808994971 
0.001506683430600816 0.6760702049964834 0.14283178883719286 
3.4885671316835314E-5 0.24363885156638473 0.5053777795450992 
0.13651172342244403 0.11960419706969966 0.2874099628937444 
0.08380012867530508 0.04407781182936513 0.5053023120438412 
0.5504994960128969 0.05262033040889692 0.032228766818211324 
0.016473592843004023 0.7125633006660519 0.03136418927958143 
0.08086380009376237 0.27954684613394665 0.1918190580677097 
0.8216966645789576 0.009558717890372744 8.402292447307165E-5 
0.4545604289534804 0.10293591417849492 0.00779168955475368 
0.44063384859484583 0.10684240115196747 0.013040343967512212 
0.036658755870766814 0.2767618255673473 0.28614055847762176 
0.17189103460385013 0.3393697780729767 0.005593208776651461 
0.33248930515233666 0.034832039087524094 0.23946005805780837 
0.08027000478780748 0.1789851633057671 0.2969904880199498 
0.0302706450984275 0.6884355588519464 3.95851217527673E-7 
0.23938574669665386 0.10329149668108316 0.19260405879069506 
0.42060630988737757 0.009686598657786255 0.2582363755354396 
0.07957224615155964 0.42083116645589763 0.07280935057089957 
0.03749951251128647 0.5017326539704382 0.1027040709357321 
0.160997859249225 0.3619468360283703 8.854706349690644E-4 
0.16064567526812085 0.30308140125639144 0.052283328347469245 
0.029859816496213477 0.04536104058914144 0.6183869300140641 
0.005590925782859073 0.4601233955980358 0.2605675280521585 
0.0011505729982899267 0.011131440314297617 0.8641659688212218 
0.6250450833271001 0.04024598944606683 0.012644162690625323 
0.7494264946611426 0.019196474260272687 4.18936089221374E-5 
0.14102543003377063 0.013103271557859043 0.5130449933924971 
0.5711198434451003 0.013139844780517093 0.13507634867095458 
0.0117510147907922 0.7800866722773606 0.012649460275112637 
0.01636190829310584 0.2407897497884292 0.38575589632087853 
0.12113072711160866 0.43160244254727775 1.9527725450596332E-6 
0.10967355887453492 0.27755503508652046 0.14608200685812692 
0.6895266980092621 0.016138619099867618 0.047002745065760604 
0.28092120307817764 0.2234720716484749 6.141742055330325E-7 
0.0959625107841194 0.47269604823298506 0.007579379175207558 
0.34798980502874977 0.17164920139679637 2.1556060342219148E-5 
0.10530551304239698 0.3245970007475718 0.10930099872958314 
0.09219348582199821 0.13811458456440373 0.3294267884695748 
0.01101743318966833 0.033545655458749005 0.7170957991400425 
0.29842251149852134 0.09735195686408217 0.1460606914411577 
0.22216685369081454 0.17878198526887915 0.10852606186038723 
0.03389809142944101 0.4540506503591325 0.14654962581397998 
0.24361008914749527 0.25863520870913387 0.001269120416167281 
0.2136837337391653 0.09808190549902406 0.22759262452252774 
0.1154916583183342 0.07645893074295458 0.38830495520931024 
0.1463118898240946 0.035587928624799 0.4329123874384593 
0.004725297502312658 0.6951927469368816 0.10136866539503848 
0.051486072353942695 0.12275754639987752 0.426384489466335 
0.4856576789675404 0.029231454039410697 0.13617903976911355 
0.42350379234980723 0.04713237161091732 0.13618030700425543 
0.06826970214189917 0.5024033554209049 0.034494591149299224 
0.16961923798220052 0.18870016189473257 0.1584192759265396 
0.4871561061189739 0.09668829612905866 1.63028427731073E-13 
0.20829532129039835 0.00479228347898731 0.4779130881936799 
0.060340312476720316 0.5748253240624411 1.419711373329325E-4 
0.34088200519340245 0.003965447423615783 0.3573843292129505 
0.0014551790876788386 0.6393499465222426 0.16541794893685433 
0.38756128921395494 0.11888090876805002 0.03761797685865051 
0.3608274512172493 0.12064054159597234 0.05594388181749279 
0.0023565004178061144 0.7771626036025508 0.07275549617384891 
