0.0417797714471817 0.041440218687057495 6.041266441345215 
0.028091922402381897 4.023300647735596 0.041645705699920654 
2.266972303390503 0.32040393352508545 0.30682826042175293 
0.13974468410015106 2.6590991020202637 4.774847030639648 
2.198817253112793 0.8893821239471436 0.24460254609584808 
0.6505618095397949 0.09309864789247513 5.821089744567871 
1.9857189655303955 1.909069299697876 0.19902220368385315 
0.36497387290000916 0.10172176361083984 6.028815746307373 
2.1890645027160645 0.6348297595977783 1.1920608282089233 
2.013751268386841 0.22575010359287262 2.624744415283203 
1.8142319917678833 0.22823917865753174 3.625115156173706 
0.7090113759040833 3.8683547973632812 0.11681690067052841 
1.461181879043579 1.6588549613952637 3.716417074203491 
2.124171733856201 1.4870631694793701 0.2598179578781128 
1.8911782503128052 2.2374064922332764 0.20340238511562347 
0.057917263358831406 3.9605660438537598 1.357591986656189 
0.18340101838111877 1.9294100999832153 5.574831008911133 
1.507708191871643 0.12375910580158234 4.427524089813232 
2.052368402481079 1.6026525497436523 0.6706390976905823 
1.819179892539978 1.0927655696868896 3.0506203174591064 
0.20294824242591858 1.1814634799957275 6.017419338226318 
2.1421585083007812 1.300124168395996 0.7102271914482117 
0.426484078168869 2.3934926986694336 4.974277973175049 
0.944046139717102 2.50372052192688 3.827951192855835 
2.2342543601989746 0.2753346562385559 1.1948322057724 
0.24954067170619965 3.9839184284210205 0.7009645700454712 
0.10400432348251343 3.470022201538086 3.3309719562530518 
1.9570344686508179 1.8456616401672363 1.245903491973877 
2.0550758838653564 1.3928749561309814 1.2268857955932617 
1.1615701913833618 3.3554179668426514 1.195141315460205 
1.258055567741394 0.12063432484865189 5.0401997566223145 
1.4433497190475464 2.236738681793213 2.9838550090789795 
1.5805444717407227 1.1690943241119385 3.945796012878418 
1.6098649501800537 2.630786180496216 1.6579406261444092 
0.9652476906776428 2.7597522735595703 3.38930344581604 
1.890889048576355 0.6942256689071655 3.2743985652923584 
2.2190465927124023 0.6598474383354187 0.7057262659072876 
1.4976214170455933 3.011709213256836 0.6778709888458252 
0.10848310589790344 3.626573324203491 2.935871124267578 
2.2543513774871826 0.26998797059059143 0.7694624066352844 
1.7846204042434692 1.9425880908966064 2.1057374477386475 
0.4343142807483673 1.261448621749878 5.894298553466797 
0.5320414304733276 3.485003709793091 2.8336849212646484 
1.383404016494751 1.0805214643478394 4.403252601623535 
0.2577415108680725 2.276984453201294 5.2547149658203125 
1.8015693426132202 1.4461519718170166 2.661496162414551 
0.7818299531936646 3.4505465030670166 2.3748362064361572 
1.0391651391983032 3.7048449516296387 0.6980066299438477 
1.2032411098480225 3.494053840637207 0.5840887427330017 
1.4763953685760498 0.47693878412246704 4.498373031616211 
0.9232178330421448 2.2863473892211914 4.710129737854004 
0.5206301212310791 1.6305463314056396 5.518527030944824 
1.0005898475646973 1.6725950241088867 4.691303253173828 
2.1673648357391357 0.9157084822654724 1.2233504056930542 
1.646376132965088 2.6978256702423096 0.6561675667762756 
1.9405651092529297 1.5679503679275513 2.0582311153411865 
2.0643317699432373 0.5874010324478149 2.1367416381835938 
1.6275043487548828 1.6495717763900757 3.379976749420166 
0.04164392873644829 4.010293483734131 0.7636927366256714 
0.6417611241340637 2.727090835571289 4.256584644317627 
1.8530553579330444 2.143211841583252 1.6192737817764282 
1.0992358922958374 3.3008837699890137 1.941983699798584 
0.6832202076911926 2.1304068565368652 4.946959495544434 
1.7056385278701782 2.260016918182373 1.8665409088134766 
0.5026841163635254 3.9724392890930176 1.073667049407959 
0.5133724212646484 0.378740131855011 5.836081027984619 
1.2700235843658447 3.1541848182678223 1.554167628288269 
0.6920908689498901 2.9677865505218506 3.7804696559906006 
0.11305145919322968 3.894249200820923 2.0277812480926514 
0.7018693685531616 3.1334927082061768 3.3314342498779297 
0.8570047616958618 3.2990760803222656 2.744704246520996 
1.0933630466461182 3.046658515930176 2.905941963195801 
0.8953812718391418 3.683572769165039 1.1797778606414795 
1.8123152256011963 2.4366440773010254 0.7000259160995483 
1.6305559873580933 1.3863450288772583 3.605271577835083 
1.1412018537521362 2.2651917934417725 3.9933674335479736 
0.5732065439224243 3.711509943008423 1.6663514375686646 
0.9100566506385803 0.6437788009643555 5.526012897491455 
1.2719008922576904 2.722230911254883 2.864345073699951 
1.2293531894683838 3.070216178894043 1.9939935207366943 
0.46061983704566956 3.720468759536743 2.044220209121704 
0.246469646692276 2.879606008529663 4.461830139160156 
1.274755835533142 2.4816250801086426 3.2367441654205322 
1.7541886568069458 2.625182867050171 0.27518969774246216 
1.1647059917449951 1.9302582740783691 4.349155902862549 
1.6528574228286743 2.070819616317749 2.6402173042297363 
0.29947638511657715 3.113770008087158 4.015328884124756 
1.3024611473083496 1.9796394109725952 3.9007019996643066 
1.7241326570510864 2.416280508041382 1.2054518461227417 
2.065023422241211 0.8630673289299011 1.9137206077575684 
0.8903091549873352 3.585763931274414 1.9741699695587158 
1.251129150390625 1.61603844165802 4.386425971984863 
2.055445432662964 0.8811191916465759 2.5118248462677 
0.4377233684062958 4.016040325164795 0.09981966018676758 
1.7727229595184326 1.7627732753753662 2.668666124343872 
1.4139982461929321 2.630157470703125 2.4139249324798584 
1.6561424732208252 3.0588653087615967 0.2941718101501465 
1.9861359596252441 0.5312303900718689 2.6211159229278564 
0.6770918965339661 3.8855953216552734 0.6361474394798279 
1.5169107913970947 1.8388105630874634 3.455937623977661 
2.1652157306671143 0.23572510480880737 1.7132289409637451 
1.6276226043701172 2.585110664367676 2.3831112384796143 
0.8337594866752625 3.7549564838409424 0.6133810877799988 
1.0849952697753906 1.2638472318649292 5.066644668579102 
0.31341174244880676 3.8449885845184326 1.7059109210968018 
0.5073189735412598 3.4849581718444824 3.31276273727417 
1.3099801540374756 2.867206573486328 2.2659027576446533 
1.3633888959884644 1.4055005311965942 4.26086950302124 
1.8943829536437988 2.1553611755371094 0.7645410299301147 
0.2649998664855957 3.597214460372925 2.8723416328430176 
0.8430721163749695 0.9772611856460571 5.35496187210083 
0.9735972285270691 0.11907818913459778 5.517614841461182 
1.4015860557556152 2.8443431854248047 2.0293755531311035 
1.1643249988555908 0.8981648087501526 4.9288129806518555 
1.2615106105804443 1.2892941236495972 4.669496059417725 
1.4333274364471436 3.1339876651763916 0.1234264150261879 
0.7454801201820374 2.3417913913726807 4.546445846557617 
0.679975152015686 1.2683889865875244 5.485611915588379 
1.741721510887146 0.38131093978881836 4.423139572143555 
1.6535652875900269 0.5899444818496704 3.9450652599334717 
