0.0044420212507247925 0.007053527049720287 5.691536903381348 
1.884329915046692 0.010611528530716896 0.005274223163723946 
0.007031542249023914 3.742406129837036 0.009777307510375977 
0.22882361710071564 1.2181750535964966 0.32555460929870605 
0.02001056633889675 2.3305392265319824 0.31997472047805786 
0.04457469284534454 2.4079337120056152 0.15622252225875854 
0.22517478466033936 0.9024147987365723 0.6182090044021606 
0.6372839212417603 0.6981760263442993 0.1117536872625351 
1.6681008338928223 0.014022588729858398 0.03907518461346626 
0.11210300028324127 1.0677183866500854 0.8605889678001404 
0.026378724724054337 1.71267569065094 0.7407609224319458 
0.017223823815584183 2.9132306575775146 0.08585065603256226 
0.13642416894435883 1.9940093755722046 0.11824774742126465 
0.7151702046394348 0.5028105974197388 0.17743828892707825 
0.0196183230727911 0.06836012750864029 4.313591957092285 
0.26979807019233704 1.5853526592254639 0.09999486804008484 
0.5986045002937317 1.1407978534698486 0.004664314445108175 
0.9642897248268127 0.03630015626549721 0.5957320332527161 
0.025775408372282982 0.09701242297887802 4.0000786781311035 
0.26745089888572693 0.0677679181098938 2.3590173721313477 
0.008301116526126862 0.9097031354904175 1.9889203310012817 
0.2976537048816681 0.33794867992401123 1.2715017795562744 
0.5804445147514343 0.8520970344543457 0.09681113809347153 
0.015736253932118416 0.34875747561454773 3.2389609813690186 
0.05730552226305008 0.8041320443153381 1.5721632242202759 
0.21697893738746643 1.9264854192733765 0.0359528511762619 
0.1639726459980011 1.4570896625518799 0.3159513473510742 
0.8861498832702637 0.14564888179302216 0.3757460415363312 
0.09525054693222046 0.019389450550079346 3.8311960697174072 
0.46404460072517395 0.5640835762023926 0.44909337162971497 
1.1849594116210938 0.2031102329492569 0.06649241596460342 
0.1648208051919937 0.5573645234107971 1.3529102802276611 
0.38006827235221863 0.10345029085874557 1.705515742301941 
1.5031129121780396 0.01688239350914955 0.12627151608467102 
0.20616526901721954 0.05167398601770401 2.8341705799102783 
0.5718452334403992 0.027318080887198448 1.5356885194778442 
0.24789971113204956 0.46396321058273315 1.198839783668518 
1.09271240234375 0.18699486553668976 0.1280980408191681 
0.06007775291800499 1.3849940299987793 0.7752304077148438 
1.2141555547714233 0.09060968458652496 0.15005239844322205 
0.10775196552276611 1.4004415273666382 0.5433712005615234 
0.6710157990455627 0.14421355724334717 0.8031079173088074 
1.8197283744812012 0.02142692171037197 0.0068557169288396835 
0.20517785847187042 0.16060249507427216 2.253648042678833 
0.2599324882030487 0.15006932616233826 2.044593572616577 
0.18764789402484894 1.1064058542251587 0.5343253016471863 
0.021241258829832077 0.01084606721997261 4.942806720733643 
0.10328464955091476 1.2300901412963867 0.7190969586372375 
0.06523071229457855 2.763723850250244 0.043855465948581696 
0.23899129033088684 1.6691948175430298 0.09105122089385986 
1.061822533607483 0.058341480791568756 0.40661510825157166 
0.013458984903991222 1.3480901718139648 1.2190736532211304 
0.019152067601680756 2.5655221939086914 0.20546264946460724 
0.027341235429048538 3.293574571609497 0.02484646625816822 
0.03951398655772209 0.4602418839931488 2.480309009552002 
0.021548781543970108 1.189942479133606 1.367460012435913 
0.16617761552333832 0.25574785470962524 2.1028757095336914 
0.31940293312072754 0.4193458557128906 1.040022373199463 
0.27835869789123535 0.5942995548248291 0.8545902967453003 
0.45831215381622314 0.11641116440296173 1.3658692836761475 
0.8164824843406677 0.3308981955051422 0.21137045323848724 
0.3742446303367615 0.4457103908061981 0.829237163066864 
0.15974834561347961 0.6580230593681335 1.222037672996521 
0.5047389268875122 0.20481416583061218 0.9973202347755432 
0.6957951188087463 0.035114116966724396 1.112389087677002 
0.09359165281057358 0.4048556685447693 2.1537346839904785 
0.435207724571228 1.5726163387298584 0.024030353873968124 
0.07540138810873032 0.13919034600257874 3.238696575164795 
0.7300068736076355 0.29636150598526 0.36027050018310547 
0.34455955028533936 1.1538076400756836 0.1945175677537918 
0.22101475298404694 0.015995938330888748 3.055659294128418 
0.5462291240692139 1.2570492029190063 0.0076981293968856335 
0.13712432980537415 0.9603495597839355 0.8713712692260742 
0.49799615144729614 1.1413733959197998 0.0587935596704483 
0.259208083152771 0.29064619541168213 1.5620678663253784 
0.654395580291748 0.2485087364912033 0.54320228099823 
0.3345840871334076 0.6038868427276611 0.7078413963317871 
1.011207103729248 0.15363939106464386 0.2337423861026764 
0.3802877366542816 0.16143923997879028 1.4822022914886475 
0.3379102945327759 1.2988816499710083 0.10397975891828537 
0.363956093788147 0.03868737071752548 2.1017518043518066 
0.06095326319336891 0.4857145845890045 2.2543375492095947 
0.23596972227096558 1.0457971096038818 0.44724225997924805 
0.014942260459065437 0.051921967417001724 4.560119152069092 
0.17600008845329285 0.44942566752433777 1.573460578918457 
0.04687073826789856 0.9502176642417908 1.4669265747070312 
0.31856629252433777 0.8725048303604126 0.4320976436138153 
0.04848051816225052 0.7269769310951233 1.9167094230651855 
0.12223854660987854 0.5369006395339966 1.65851891040802 
0.7503880262374878 0.13860532641410828 0.6732328534126282 
0.047013819217681885 1.3433079719543457 1.0200634002685547 
0.03822440654039383 2.10847544670105 0.3377976417541504 
0.04716970771551132 0.09587210416793823 3.7182016372680664 
0.4183289706707001 0.08983907848596573 1.6001509428024292 
0.7816545963287354 0.03843320161104202 0.8901821374893188 
0.1974717527627945 0.7742978930473328 0.8702301383018494 
0.09637773036956787 0.22960031032562256 2.633551836013794 
0.5712594985961914 0.4072316586971283 0.44886961579322815 
0.7437354922294617 0.8144012689590454 0.02304462157189846 
0.23567163944244385 0.2387496829032898 2.062208652496338 
0.24482591450214386 1.403586506843567 0.24944038689136505 
0.4600430428981781 0.2558814585208893 1.0078580379486084 
0.39975985884666443 0.7604706287384033 0.3588658571243286 
0.17413419485092163 0.11804383248090744 2.6377217769622803 
0.1362369954586029 0.03471902385354042 3.329906463623047 
1.014419674873352 0.28666242957115173 0.10827682912349701 
0.4885903596878052 1.4526883363723755 0.029722867533564568 
0.7725096940994263 0.5512325167655945 0.0859939232468605 
0.562189519405365 0.6440352201461792 0.22240346670150757 
0.4890686869621277 0.7283676862716675 0.2523658871650696 
0.020359434187412262 1.8223657608032227 0.6650332808494568 
0.2676168978214264 0.7679163217544556 0.6659074425697327 
0.9231170415878296 0.27305150032043457 0.19614188373088837 
1.3270018100738525 0.06302880495786667 0.11431122571229935 
0.06356246769428253 1.5263751745224 0.6316282749176025 
0.07573336362838745 1.8297450542449951 0.3637646734714508 
1.1688905954360962 0.048199597746133804 0.30876803398132324 
1.7724567651748657 0.05062755197286606 0.023041198030114174 
1.2502962350845337 0.2692906856536865 0.007699924521148205 
0.6050459742546082 0.14594483375549316 0.9244744181632996 
