0.008227749727666378 3.8798420429229736 0.011066822335124016 
0.006793992593884468 0.006068481132388115 5.76810884475708 
1.8129414319992065 0.022962519899010658 0.016745446249842644 
1.1466485261917114 0.356428861618042 0.0845927968621254 
0.12244755774736404 2.630702018737793 0.07181587815284729 
0.5445653796195984 1.0143399238586426 0.5036783218383789 
1.1106500625610352 0.35259369015693665 0.2648603022098541 
0.7558888792991638 0.4962792992591858 1.4196053743362427 
0.006963685154914856 0.5143740773200989 3.248183488845825 
0.17363443970680237 2.106443166732788 0.390870064496994 
0.7412118315696716 0.5953497886657715 0.8737878799438477 
0.7239120602607727 0.9197322130203247 0.026081237941980362 
0.8886959552764893 0.19432467222213745 2.6891889572143555 
0.02983822301030159 2.704637289047241 1.3676010370254517 
0.8283716440200806 0.6342616677284241 0.2801624536514282 
0.6947430968284607 0.48523783683776855 1.960434079170227 
0.4688643515110016 0.7921280860900879 2.1432883739471436 
0.37966421246528625 1.6092289686203003 0.06654893606901169 
0.038917265832424164 0.12623491883277893 2.969614267349243 
0.6781408786773682 0.7982291579246521 0.43514958024024963 
0.35828089714050293 1.5603452920913696 0.2578100562095642 
0.04102054610848427 2.430750846862793 2.5096123218536377 
0.2523163855075836 1.6312109231948853 0.9336103200912476 
0.500132143497467 0.8545998930931091 1.5535826683044434 
0.20165018737316132 1.92641282081604 0.6531943082809448 
0.8977128267288208 0.4542863965034485 0.6210681200027466 
0.6254032254219055 0.7675955295562744 0.9533312320709229 
0.21547196805477142 2.174229621887207 0.04306183010339737 
0.01385409664362669 0.22284190356731415 2.970576286315918 
0.12628833949565887 2.1675307750701904 0.8436833024024963 
1.2037928104400635 0.18554288148880005 0.6366091966629028 
0.16150330007076263 2.229311466217041 0.2544403076171875 
0.02398497983813286 2.8904290199279785 0.9007854461669922 
0.09476400911808014 2.3138577938079834 1.075512409210205 
0.2417229413986206 1.435168743133545 1.7383248805999756 
0.04177864268422127 0.025918394327163696 4.282280921936035 
0.8197250366210938 0.5718849301338196 0.5717354416847229 
0.7715521454811096 0.4366992712020874 1.7481080293655396 
0.5514991879463196 1.0682265758514404 0.3093050420284271 
0.5028689503669739 1.3129189014434814 0.08764238655567169 
0.1887109875679016 1.8503667116165161 1.0391072034835815 
0.4259214699268341 0.9308314919471741 1.9139738082885742 
0.9734519720077515 0.24639180302619934 1.5655591487884521 
0.46049922704696655 1.279544472694397 0.2771163880825043 
0.24496209621429443 1.8615400791168213 0.4245220124721527 
0.5643526911735535 0.8534471988677979 0.9645121693611145 
0.1602616012096405 2.1268703937530518 0.62091064453125 
1.2293732166290283 0.282014399766922 0.085338294506073 
0.43000757694244385 1.4446302652359009 0.10796298831701279 
0.027655910700559616 2.4413247108459473 2.9580905437469482 
0.9049742221832275 0.5389958620071411 0.27929145097732544 
1.4429702758789062 0.060241274535655975 0.7080151438713074 
1.4155707359313965 0.1713927984237671 0.09915101528167725 
0.30157431960105896 1.6088579893112183 0.5086920857429504 
0.9714009761810303 0.5229547023773193 0.09839368611574173 
0.7926900386810303 0.7913087010383606 0.04951459914445877 
1.5224562883377075 0.10141368210315704 0.1416551172733307 
1.0887408256530762 0.21783879399299622 0.9888150095939636 
0.16128221154212952 1.5358753204345703 2.4829599857330322 
1.254367470741272 0.2549242675304413 0.23169511556625366 
0.8732067346572876 0.5277146697044373 0.4519008696079254 
0.6120023727416992 0.830453634262085 0.7322694063186646 
1.1024751663208008 0.25615495443344116 0.6581947207450867 
0.536307156085968 0.7887600064277649 1.7045724391937256 
0.3510347902774811 1.2214645147323608 1.3299320936203003 
1.1779062747955322 0.270911306142807 0.2658757269382477 
0.5672733783721924 0.614006757736206 2.2216665744781494 
0.26263168454170227 1.234816074371338 2.4769062995910645 
1.220084309577942 0.12379738688468933 1.2683744430541992 
0.7721815705299377 0.7102716565132141 0.3669717609882355 
0.25436654686927795 1.9596859216690063 0.14089712500572205 
0.18056561052799225 1.6472419500350952 1.8915820121765137 
0.6478872299194336 0.9069690108299255 0.5289347171783447 
0.10238581150770187 2.492816209793091 0.5308219194412231 
0.37780746817588806 1.0718635320663452 1.7245190143585205 
0.28696969151496887 1.2968014478683472 1.8701118230819702 
0.3541731536388397 1.4087145328521729 0.6500227451324463 
0.6043667793273926 1.0266199111938477 0.18741269409656525 
0.2235780507326126 1.405248999595642 2.129094362258911 
0.42323771119117737 0.8180695176124573 2.757962942123413 
0.6024338006973267 0.49094823002815247 2.710937738418579 
0.8565043807029724 0.44313669204711914 0.9436689615249634 
0.01973174326121807 0.025935234501957893 5.177480220794678 
0.5372814536094666 1.1920050382614136 0.11528763920068741 
0.03998846560716629 3.262174129486084 0.009943123906850815 
0.11740417778491974 1.9593043327331543 1.9818756580352783 
0.06614398211240768 2.762713670730591 0.5372634530067444 
0.40901046991348267 1.221636414527893 0.7952337861061096 
0.6464358568191528 1.0240308046340942 0.07921018451452255 
0.1651810109615326 2.4960885047912598 0.08670875430107117 
0.46570149064064026 1.0338630676269531 0.9713714718818665 
0.057488467544317245 2.7973673343658447 0.37929701805114746 
0.09169863164424896 2.8275601863861084 0.024127349257469177 
1.0380051136016846 0.13882406055927277 2.3213772773742676 
0.3301762342453003 1.8228106498718262 0.04177287966012955 
0.7475575804710388 0.3895173668861389 2.221757411956787 
0.9555214047431946 0.2248513251543045 1.8517893552780151 
0.49447980523109436 1.0373643636703491 0.7599442601203918 
0.32743406295776367 1.380552887916565 0.9607193470001221 
0.27775150537490845 1.4735665321350098 1.2426060438156128 
0.16171397268772125 1.4834165573120117 2.8683841228485107 
0.7702130079269409 0.5064895749092102 1.1454137563705444 
0.8524596095085144 0.7153502702713013 0.0462496317923069 
1.6359602212905884 0.07507872581481934 0.019193073734641075 
0.2556316554546356 1.6777958869934082 0.698121190071106 
0.22746776044368744 1.6038239002227783 1.5000032186508179 
0.6638185977935791 0.9297258853912354 0.1541050374507904 
0.026445841416716576 0.11539696902036667 3.313359260559082 
0.29926797747612 1.7670530080795288 0.21720346808433533 
1.0158253908157349 0.4042342007160187 0.3684086203575134 
0.32390114665031433 1.0675218105316162 2.37721848487854 
0.04303104430437088 2.741421699523926 1.0480328798294067 
0.05920553207397461 0.17161010205745697 2.9652292728424072 
0.09268005192279816 0.045471884310245514 2.973003625869751 
0.47766920924186707 1.1780729293823242 0.42553409934043884 
0.04472174495458603 3.147594451904297 0.07694979012012482 
0.12124550342559814 1.9680896997451782 1.4653698205947876 
0.3394031822681427 1.7288190126419067 0.07724776118993759 
0.6015905737876892 0.6844474077224731 1.4980465173721313 
0.8949785232543945 0.23743557929992676 2.147475004196167 
