2.0129685401916504 0.020360339432954788 0.02024202048778534 
0.027823112905025482 0.31689199805259705 6.0124006271362305 
0.2507789134979248 3.949523687362671 0.12141691893339157 
0.057886578142642975 4.017338752746582 0.018179189413785934 
0.14753291010856628 0.015080875717103481 6.002874374389648 
0.0255625918507576 1.7138220071792603 4.197065353393555 
0.19634731113910675 3.7526051998138428 1.284793496131897 
0.04104672372341156 3.7952418327331543 1.2256873846054077 
0.2264968603849411 1.5919889211654663 4.320904731750488 
0.9705619812011719 0.020245470106601715 3.7643179893493652 
0.015680300071835518 1.871940016746521 3.851839780807495 
1.0246126651763916 3.478808879852295 0.04403790086507797 
1.9897310733795166 0.39233991503715515 0.07740291953086853 
1.4632943868637085 2.7676072120666504 0.013403724879026413 
0.23779191076755524 1.1929104328155518 5.07166051864624 
0.018980367109179497 3.6522674560546875 1.8015414476394653 
0.4859946072101593 0.9491943120956421 4.9160261154174805 
0.012218884192407131 2.0546960830688477 3.5271382331848145 
1.8573415279388428 1.6137824058532715 0.02944880723953247 
0.8198237419128418 0.03575984388589859 4.446165561676025 
0.022243879735469818 3.5067691802978516 2.3669114112854004 
0.7285864949226379 3.792937994003296 0.04277266561985016 
0.5276098251342773 2.2253048419952393 3.1116161346435547 
0.23079007863998413 3.2856085300445557 2.8617281913757324 
1.170627236366272 0.9465994834899902 3.087092399597168 
1.3635698556900024 2.701087713241577 1.0492054224014282 
0.30788785219192505 0.6649408936500549 5.645674705505371 
0.3301677703857422 3.784359931945801 0.9527636766433716 
0.7687577605247498 0.695929229259491 4.281487941741943 
0.7839133739471436 1.2125463485717773 3.6816492080688477 
0.5697420239448547 3.3975892066955566 2.125296115875244 
1.0281795263290405 0.016345946118235588 3.5471091270446777 
1.6123113632202148 1.6031132936477661 2.249643087387085 
1.40010404586792 0.04471112787723541 3.0257999897003174 
1.254461646080017 2.550342559814453 2.2768383026123047 
0.4180532693862915 3.665581226348877 1.4667292833328247 
0.6198666095733643 1.7432160377502441 3.4763388633728027 
0.5439541339874268 0.44065988063812256 5.261017322540283 
0.6321548819541931 0.8281464576721191 4.675199508666992 
0.34344983100891113 3.598327875137329 1.9318302869796753 
0.1471341848373413 1.933660864830017 3.794809579849243 
0.9907842874526978 0.2535560131072998 3.6391427516937256 
0.8237558007240295 3.173112392425537 2.2296371459960938 
0.8226044178009033 0.3242260813713074 4.312065601348877 
1.5924547910690308 2.440270185470581 0.05588628351688385 
1.328765630722046 3.0370709896087646 0.03656847029924393 
1.4017454385757446 2.2005765438079834 2.2077040672302246 
0.6755800843238831 1.1143885850906372 4.150103569030762 
1.807631254196167 0.5805602669715881 1.9213119745254517 
1.774735927581787 1.5956978797912598 0.9197993874549866 
0.4370795488357544 1.8246747255325317 3.63590407371521 
0.3946090340614319 1.2061851024627686 4.848991870880127 
1.7422664165496826 0.7134253978729248 2.3394083976745605 
0.7717873454093933 1.8656996488571167 3.129263401031494 
0.7126144170761108 1.5217013359069824 3.520888566970825 
1.8982985019683838 0.6221643686294556 1.1180649995803833 
1.7364839315414429 1.2389570474624634 1.819593071937561 
0.023706503212451935 1.3123372793197632 4.974889755249023 
0.7900161743164062 3.422464609146118 1.4163161516189575 
1.4373483657836914 2.36903977394104 1.7453749179840088 
1.470631718635559 0.48062607645988464 3.0225112438201904 
0.8768404126167297 1.393229603767395 3.2994978427886963 
1.8905894756317139 1.3985919952392578 0.06436324864625931 
0.20619146525859833 2.3306920528411865 3.183584690093994 
1.9843755960464478 0.6932653188705444 0.013517029583454132 
1.7851130962371826 0.19647157192230225 2.3912899494171143 
0.6063418984413147 1.3482221364974976 4.039363861083984 
1.507596492767334 2.4853620529174805 0.5365839600563049 
0.678605318069458 0.01525108702480793 4.9161763191223145 
0.05847082659602165 3.189394474029541 2.925686836242676 
1.8939027786254883 0.9831428527832031 0.49150460958480835 
0.013526767492294312 0.8168582916259766 5.716679573059082 
1.0959895849227905 3.1508102416992188 0.9989539980888367 
1.0268828868865967 3.1248278617858887 1.5407841205596924 
1.7632652521133423 1.7642401456832886 0.5469180345535278 
1.2156628370285034 0.019684594124555588 3.1228837966918945 
1.1321457624435425 2.8897531032562256 1.7697259187698364 
0.5205633640289307 1.620903491973877 3.832731008529663 
0.4660312235355377 2.0966475009918213 3.2609012126922607 
1.6323801279067993 2.0479791164398193 1.0514334440231323 
1.9725502729415894 0.061039939522743225 0.5790925621986389 
0.5626594424247742 2.8791537284851074 3.003230571746826 
1.6319702863693237 0.04000582545995712 2.902693510055542 
1.8392945528030396 1.3408929109573364 0.6372792720794678 
1.2230688333511353 0.7000117301940918 3.1140971183776855 
0.6269741654396057 3.708566665649414 0.7010425329208374 
1.1507891416549683 3.278909921646118 0.20843005180358887 
1.1705348491668701 1.5157577991485596 3.0400702953338623 
0.6839770078659058 0.557310938835144 4.778040409088135 
0.331890344619751 3.4352405071258545 2.5147764682769775 
0.15784622728824615 2.1592493057250977 3.3637032508850098 
0.9785734415054321 0.25638407468795776 3.7168986797332764 
0.01412808895111084 2.3270423412323 3.1907219886779785 
0.953925371170044 0.6036461591720581 3.640176296234131 
0.329854279756546 3.160290479660034 2.8982882499694824 
0.19747954607009888 3.648617744445801 1.7362045049667358 
0.30917829275131226 2.407688856124878 3.089726686477661 
1.8038721084594727 0.017741024494171143 2.0569114685058594 
0.3041478395462036 1.4366040229797363 4.499988555908203 
1.336432933807373 2.8571395874023438 0.5638933777809143 
0.47771626710891724 3.884674072265625 0.055452726781368256 
0.859104573726654 0.7778463363647461 3.903452157974243 
1.0045082569122314 1.7149608135223389 3.0650720596313477 
0.9127337336540222 2.9865846633911133 2.5933244228363037 
0.18619823455810547 0.37618914246559143 5.936081409454346 
0.508330225944519 1.1913511753082275 4.50200080871582 
1.9541974067687988 0.37826818227767944 0.5997156500816345 
1.7791005373001099 1.909203290939331 0.028482522815465927 
1.2896933555603027 0.2590138912200928 3.070992946624756 
0.8820914030075073 1.033471703529358 3.6595685482025146 
1.8056951761245728 0.9933221936225891 1.5406804084777832 
1.3602519035339355 1.8918744325637817 2.856041431427002 
1.034355878829956 3.3276355266571045 0.6430926322937012 
1.1981099843978882 3.114086151123047 0.5687788128852844 
0.6462715864181519 3.2317986488342285 2.497300863265991 
1.588614821434021 0.996039867401123 2.8184256553649902 
0.3826308846473694 0.021581828594207764 5.798376560211182 
1.89772367477417 0.056356944143772125 1.2636189460754395 
1.0009223222732544 2.6433820724487305 2.827458620071411 
0.06657826900482178 0.8106772303581238 5.717496871948242 
