7.478091546918856E-6 1.0000395418754258 1.0000467071918668 
1.0000060225811664 9.61503275204381E-7 1.000006276478725 
1.0000038789225343 1.0000037823728438 1.0067303293151117E-7 
0.13118750648864977 0.9407244509439369 0.9281442654888621 
0.6715286755912582 0.8812931949289433 0.44725275264868797 
0.6727054395111274 0.7071233835995291 0.6201752567466117 
0.7770030138706716 0.7801154365942902 0.4428928852592869 
0.7591492134660576 0.31933585220195193 0.9215233384655485 
0.8543628900266661 0.42586608151685396 0.7198069999794233 
0.9293507424954367 0.5115809525340612 0.559088717763232 
0.21954519731664596 0.9044719996390087 0.875993941976732 
0.9102337477342577 0.9601881138757784 0.12958502652837575 
0.7434882068732814 0.2701540726576786 0.9863673590688681 
0.25563546632911666 0.8122149451000313 0.9322005904939705 
0.703868136342601 0.7427726246329931 0.5533703329171014 
0.7308451898210122 0.6747970605799232 0.5943684167347101 
0.45313995168183563 0.9267185428393672 0.6201885928027553 
0.5910551080079863 0.4874299329600054 0.9215233173603485 
0.5679114856415002 0.5858818495969054 0.8462164783053001 
0.6173286278832654 0.8751109619571327 0.5076416861385271 
0.5352624400503619 0.8455301748050199 0.6192877035798227 
0.7443607994557061 0.9977453697361093 0.25789730406067607 
0.4671878950635399 0.6411287170331876 0.8916896240208704 
0.7766758857852689 0.7166210503852135 0.5067099390201464 
0.8156167186237115 0.49656556227997284 0.6878276497568901 
0.771730872642389 0.9268910034523586 0.30138245159411714 
0.980030755596079 0.5182816614807719 0.5017067531400754 
0.7947406576480542 0.8228945037889781 0.3823703711068347 
0.8573547472056613 0.9239724253540781 0.21958880091627017 
0.3189337344575016 0.7579069620756408 0.9232675471668387 
0.8381158052293604 0.6892792905096005 0.4726790192552828 
0.6013407423406291 0.723461840478806 0.6752007250735014 
0.9707182570438845 0.9818013274225728 0.04757924427771368 
0.4167697642680291 0.6153190213440405 0.9679296155614335 
0.593747524257938 0.9484560777750688 0.4578992952853953 
0.802308527809701 0.20433142444433786 0.993370988363223 
0.6579857936301282 0.512691896556979 0.8293249738485768 
0.9849291149836472 0.7681197629015297 0.24702202806872836 
0.5603979932324156 0.4675743231705172 0.972117526091541 
0.4242090205291326 0.8230988562037573 0.7527264386506838 
0.28592324856239226 0.8530309931768509 0.8610747086287512 
0.2087700438867959 0.8150207890727804 0.9762179123042826 
0.9885123542517111 0.18157051768855162 0.8299544879180972 
0.523220297990812 0.7629334400504248 0.7138911709725612 
0.7460293269717665 0.8708644036935729 0.3831106176186322 
0.7154293891994558 0.4183194846890217 0.8662812613769253 
0.08344072036994661 0.9304081991947893 0.9865684388664547 
0.9113202293622482 0.641050877123681 0.4476384578525786 
0.4489968782674096 0.9958527734674528 0.5551580864516988 
0.47015088531340127 0.5545495136302335 0.9753066700312992 
0.7279884397488302 0.7933603941942491 0.47865617126470406 
0.4441527651528949 0.7534690064511396 0.8023873873353937 
0.6214376336734074 0.6318071348066251 0.7616011527116346 
0.676566149174827 0.4058249741822183 0.9176189049569619 
0.9611523178839437 0.6528413360207523 0.38605895651307376 
0.3046155620767197 0.983424158958742 0.7119962021452315 
0.6523082257093148 0.8013278253115153 0.546367345600821 
0.994814462609498 0.8761921056187868 0.12914299851727673 
0.7727842865211778 0.5899819392952854 0.6372838152242577 
0.8789361730914067 0.20677695108901997 0.9142927485998248 
0.5046599808820198 0.717094313903392 0.7788719266271215 
0.5708402770268671 0.9330096064918983 0.4961653617220823 
0.3373423842920497 0.7964089472904394 0.8662831392656867 
0.9919797887060415 0.4228403621772188 0.5851873245114344 
0.2560896255332375 0.7601693676538576 0.9839183026504447 
0.5095099384288523 0.9960542351509867 0.4944405347174957 
0.8764633894802143 0.742243289265806 0.3812994477445608 
0.5112254661209781 0.513489818964619 0.9753208386151719 
0.8104856004523674 0.2517150449352625 0.9378079643507646 
0.7041576072816994 0.9943366759182404 0.30151576539002695 
0.9911243700500901 0.36169204096653523 0.6473827018172563 
0.5730926958867752 0.6293202575066801 0.7976315211273068 
0.7294337185607507 0.5093943414668811 0.7611824278570778 
0.9483863357168397 0.592996196335192 0.4586328578978699 
0.9133401977040356 0.4713735238904218 0.6153275555471109 
0.8872855446260659 0.12478374393123635 0.9880471088001435 
0.3935387635525859 0.7920067362742854 0.8145011641022646 
0.34705150263325146 0.6693088531780318 0.9836451695902789 
0.7713961309915739 0.4281035595419585 0.8091459817574621 
0.8396814164410862 0.8607985175308515 0.299562438397931 
0.9097173713560722 0.2806337189702516 0.809662988610025 
0.485474084545719 0.8235457899685442 0.6910462482997285 
0.9981558583571303 0.29188373148426683 0.7099627127033614 
0.9984292196190065 0.029499095453794956 0.9720759155700226 
0.8495535598588604 0.285317977020515 0.8651634437212261 
0.8367043411573512 0.4004622565617965 0.7628465534574338 
0.9569057576321165 0.7316064581339631 0.31149376932588335 
0.9511163380892856 0.21910843759509452 0.8310309569800162 
0.8074864026325543 0.6303836909491877 0.5621709815495228 
1.0000474054193016 0.8157414157849484 0.18430621363887312 
0.918382187111732 0.37169882879043026 0.7099855111962985 
0.9894116468479407 0.23114758411890726 0.7801152691233298 
0.8990376824095322 0.593865521827152 0.5071116209881129 
0.6475889124185508 0.5781024831921545 0.7743182748638877 
0.5568335521064426 0.9879429567953472 0.45523104118227625 
0.8995660136728748 0.9323552281874425 0.16809051510367393 
0.2105981372963808 1.0010953850416098 0.8327279057833107 
0.9248336391233155 0.8556871199540936 0.2194893922437055 
0.8235887306555392 0.99867679406691 0.17774619437618638 
0.3865871072883409 0.9042456415079068 0.7091827302410297 
0.9985737270061478 0.5537924273842162 0.4476370298767469 
0.6910142031249229 0.32710028037886696 0.9818903730728132 
0.6736347801312224 0.6175648541064821 0.7088029575421472 
0.3115688716402088 0.9142857899508829 0.7741544909224188 
0.7473093039547856 0.3748828392924873 0.8778150255600984 
0.7013775807169581 0.9155301057861699 0.383113924347784 
0.7003485143159079 0.7836479817808285 0.5160544300587552 
0.40574316219877815 0.9777340971863183 0.6165330948539439 
0.12799874179955284 0.879035569284681 0.9929698097705156 
0.6306464881814253 0.37024393138454353 0.9991398060694576 
0.6105593408650787 0.9950622316226918 0.39439217630646767 
0.9174779656582897 0.766291795965458 0.31677433224111445 
0.5045631754112617 0.9226629638459168 0.5727890682268183 
0.14097457632813393 0.9930904673984678 0.865945073574067 
0.1076353147980419 0.9708492244909518 0.9215228886952518 
0.8460712438323648 0.810387877372509 0.3555512956697807 
0.6047103797637925 0.83710124129857 0.5582066568087137 
0.9526534827786843 0.1495101900151693 0.897839197371038 
0.5822281210940553 0.7896181511841052 0.6283914665029517 
0.24978878153638573 0.9756347266838078 0.7745853959435968 
