0.01841205358505249 0.005254940129816532 6.00465202331543 
0.05599449947476387 4.007437705993652 0.010070903226733208 
2.005732297897339 0.11111883819103241 0.03643467649817467 
2.000290870666504 0.05391346663236618 0.6236083507537842 
0.017293034121394157 1.5562410354614258 5.550183296203613 
0.01159524917602539 3.4992854595184326 2.9222145080566406 
0.182644784450531 1.3738839626312256 5.651590824127197 
0.012134447693824768 2.626910924911499 4.5371785163879395 
1.9902068376541138 0.4142194986343384 0.720920205116272 
0.014561966992914677 0.8648776412010193 5.876635551452637 
1.8206515312194824 1.1537002325057983 1.8657807111740112 
0.6480920314788818 3.082760810852051 3.4875073432922363 
1.1769824028015137 3.237241268157959 0.6132426857948303 
0.011706984601914883 3.944138765335083 1.084113359451294 
1.8084876537322998 0.4185274839401245 2.528371572494507 
0.04760334640741348 2.9594500064849854 4.103331089019775 
1.9562519788742065 0.020999684929847717 1.3756295442581177 
1.9058358669281006 0.34656593203544617 1.8276164531707764 
0.45265549421310425 3.8427488803863525 1.0642268657684326 
1.0364203453063965 0.02430371381342411 5.18185567855835 
1.0150564908981323 2.7248520851135254 3.215236186981201 
1.595648169517517 1.266932487487793 3.1484735012054443 
1.4370653629302979 1.224150538444519 3.77620530128479 
1.146984577178955 2.8537673950195312 2.552377700805664 
1.1993837356567383 0.7622222304344177 4.684272766113281 
1.885959267616272 1.1817437410354614 1.1330777406692505 
0.14656300842761993 3.559920072555542 2.7395811080932617 
1.6343127489089966 1.013830542564392 3.1868398189544678 
1.7071080207824707 0.016238030046224594 3.156484842300415 
0.26677289605140686 0.35517287254333496 5.937834739685059 
0.6655060052871704 1.651415228843689 5.137379169464111 
1.8490616083145142 1.5567471981048584 0.03467585891485214 
1.9864203929901123 0.6365724802017212 0.08837075531482697 
1.3578648567199707 0.007633707486093044 4.423312187194824 
0.3978536128997803 3.6339752674102783 2.5205159187316895 
0.04574286565184593 1.8875887393951416 5.306570053100586 
1.0919362306594849 3.161513566970825 1.7462910413742065 
0.5141486525535583 0.023482853546738625 5.811299800872803 
0.49320855736732483 3.881065845489502 0.5556655526161194 
1.1664828062057495 0.012078242376446724 4.8899312019348145 
1.5634500980377197 0.022914627566933632 3.8009841442108154 
0.6231089234352112 0.5827394127845764 5.647892951965332 
1.6735968589782715 1.3837692737579346 2.6370017528533936 
1.1715120077133179 2.1019136905670166 3.7610466480255127 
1.9616256952285767 0.7734829783439636 0.6797825694084167 
1.0566730499267578 3.4131805896759033 0.06774809211492538 
0.016512366011738777 3.860182046890259 1.6099427938461304 
1.486728310585022 0.3443756699562073 4.000856399536133 
1.354432225227356 2.970956802368164 0.6556013226509094 
0.23787207901477814 1.7439662218093872 5.414412021636963 
1.9180725812911987 0.023807259276509285 1.8501421213150024 
0.6762674450874329 2.7118070125579834 3.9740848541259766 
0.5612406134605408 2.8613407611846924 3.981137275695801 
1.627450704574585 2.292154312133789 1.0805139541625977 
0.4995928406715393 1.878935694694519 5.097248554229736 
0.33671408891677856 3.8037025928497314 1.6072986125946045 
0.8914662599563599 0.5583434700965881 5.328945159912109 
0.2240486890077591 2.2055046558380127 4.979247093200684 
0.3238494396209717 2.950375556945801 4.012522220611572 
1.6869046688079834 2.1589462757110596 0.526098370552063 
0.7372302412986755 1.8210880756378174 4.9082207679748535 
0.23822030425071716 3.9784138202667236 0.05535705387592316 
0.5051766037940979 2.382127046585083 4.706083297729492 
1.7533142566680908 1.5733882188796997 1.7604272365570068 
0.34188446402549744 1.3268378973007202 5.580150604248047 
0.23852621018886566 2.743507146835327 4.331399440765381 
0.01638103276491165 3.7037148475646973 2.3291893005371094 
1.5321853160858154 2.3235013484954834 1.7798703908920288 
1.6059201955795288 1.671865463256836 2.6195521354675293 
0.3218264877796173 3.9445576667785645 0.7304255962371826 
1.7625267505645752 1.9738942384719849 0.09526506066322327 
1.9267451763153076 1.1745685338974 0.10719435662031174 
0.9473112225532532 3.5370965003967285 0.06685546040534973 
1.0471049547195435 1.280212640762329 4.87866735458374 
1.634975552558899 2.0412466526031494 1.7180334329605103 
0.9205930233001709 2.482642889022827 3.843815565109253 
1.0960307121276855 1.7306269407272339 4.329254627227783 
1.230494499206543 1.4669148921966553 4.283048629760742 
1.5868993997573853 2.4708290100097656 0.031234465539455414 
1.861393928527832 0.02383236400783062 2.3153915405273438 
0.4809206426143646 3.358962297439575 3.0889601707458496 
0.2938169836997986 3.2124428749084473 3.5018746852874756 
0.9238124489784241 0.2402837872505188 5.325955867767334 
0.9135876893997192 3.1731715202331543 2.494277238845825 
0.7616478800773621 3.7189793586730957 0.039123691618442535 
1.3690240383148193 2.8160414695739746 1.235929012298584 
1.4741286039352417 2.7421934604644775 0.06971266865730286 
1.3525892496109009 2.558751106262207 2.241765260696411 
1.69525146484375 0.6005771160125732 3.113036632537842 
0.6035332679748535 0.9868619441986084 5.539134502410889 
0.9780300855636597 0.9171597361564636 5.079050540924072 
0.1109357625246048 3.2667431831359863 3.4644312858581543 
1.7637641429901123 1.0876810550689697 2.4121506214141846 
1.4080036878585815 2.6225616931915283 1.7697495222091675 
1.9360957145690918 0.5440764427185059 1.407762050628662 
1.2468376159667969 2.960501194000244 1.6437773704528809 
0.17819087207317352 0.014940100722014904 5.993480682373047 
0.7805225253105164 0.03834450617432594 5.547451972961426 
1.5128235816955566 1.6835997104644775 3.087433099746704 
0.16485144197940826 3.9202795028686523 1.1738735437393188 
0.20730794966220856 0.7737466096878052 5.866763591766357 
1.4122930765151978 2.3953311443328857 2.308121919631958 
0.7192866802215576 3.734748601913452 0.5193185210227966 
1.2333436012268066 0.16005024313926697 4.731748580932617 
0.6846851706504822 3.368722438812256 2.548534631729126 
0.8643231987953186 2.024138927459717 4.497206211090088 
1.0022432804107666 3.4295833110809326 0.836936891078949 
0.017504379153251648 0.34285488724708557 5.997180461883545 
1.3290828466415405 0.8316231369972229 4.343368053436279 
0.83858323097229 2.281338691711426 4.277332305908203 
0.4639227092266083 0.6236138343811035 5.7814483642578125 
0.7950364351272583 2.8325891494750977 3.61936616897583 
0.9295457005500793 1.470172643661499 4.863205432891846 
1.6762135028839111 0.3639088571071625 3.293813705444336 
0.02360643818974495 2.326244831085205 4.900552749633789 
1.8207628726959229 1.5197641849517822 1.3158080577850342 
0.021764036267995834 3.9929583072662354 0.5417354106903076 
0.7803260684013367 3.5289313793182373 1.636888027191162 
1.3248010873794556 2.172260046005249 3.127845048904419 
0.9204760193824768 3.48005747795105 1.3298410177230835 
