0.0018836778895128764 1.7302644136776835 1.7306408022920017 
1.6571949560946353 0.14274669821811029 1.7999375868727379 
1.7438200291002766 1.7327813268898635 0.013202732873614452 
1.35970007817599 0.4355692319679531 1.385701169309375 
1.4245215711137276 0.45663855822230015 1.3060733201686867 
0.8216892908195533 1.2780500310258651 0.9678562285773801 
1.1220288821495816 0.9601528096578196 0.9298189477960339 
1.0683656682409346 1.3245600294096675 0.7060749039133098 
1.0946927519782481 1.2385506963303439 0.7275133847286006 
1.5403942192756472 1.2281917226721712 0.5038699406516698 
0.9734908904160418 0.9251338328220587 1.1116308979350142 
1.0263999275864653 1.4217857650463959 0.7146342011381049 
0.8398285877198567 0.9452575886644914 1.2856017475015125 
0.9512829681936168 0.8365712257625795 1.2802582007761036 
1.1856620197971537 1.3623943470092308 0.585077993853176 
0.6767052117783796 1.2172388075129383 1.1738550650410084 
0.27860693405720205 1.5679768760547828 1.4583788224624652 
1.2079496450050053 1.1142726711375868 0.7304161591707444 
0.5353463398081444 1.6673628186047271 1.2199873980829796 
1.486104634611866 0.9294588273422697 0.8028617452461132 
1.5246870548232494 0.59537549844239 1.1366755953963608 
1.0185314254707638 0.7147434110695235 1.5395810718709624 
1.3489505357331635 1.3910954430403248 0.4399938351337125 
1.143106543982918 0.6214995908026073 1.3652400171673034 
0.6968652626157307 1.1088757995456573 1.270320563629945 
1.3917409146971982 0.6779184896295577 1.0723421510397324 
0.7270246253617606 1.0312968404853853 1.3597486521355793 
1.591822233096699 1.2940659839572035 0.43967742489534717 
1.5745312232099282 0.23259883365206316 1.8042983798952614 
0.8635347924447392 1.121764426064878 1.0309670784219402 
0.13011389387193661 1.6287466092718872 1.7506978071157748 
0.7952117589140145 1.2035714805976816 1.042261523911264 
1.145111604526082 0.6653246669278793 1.2717979191884816 
0.7607791879054276 1.3159515484922246 1.013541667622238 
1.3547282078297738 0.9766862731380206 0.7811090332342169 
0.8506635115786778 1.591110340677384 0.8909244120020063 
0.9127450762786272 0.9607780825662617 1.1433299259193659 
0.3875815301137024 1.3583447667671202 1.4915635487669778 
1.140922720044133 0.7657562411132508 1.1299233740032086 
1.4236065842186105 0.5916344517003022 1.1545827757317142 
0.8361243659708681 0.9209249985896214 1.3531935983461227 
0.6189334505233588 1.1134347633789499 1.5359291894713036 
0.4281699455727749 1.3837039574378953 1.372430838189693 
0.8551786550858175 0.9984704243746978 1.1734823323230332 
1.1985918145128334 0.9103190480055866 0.9236545785670895 
1.2169388671315253 0.9890001910144449 0.8356053885455825 
0.6303773193641341 1.5837668967507208 1.107044499049843 
1.1305411188404333 1.0345477380832282 0.8535693090499359 
1.489334301132837 1.4439300797595056 0.31908873047461783 
0.9165176643595742 1.4026558720947833 0.8266339585522288 
1.4010153640921117 1.2437875679870078 0.5188313832499479 
0.6256681669765675 1.3062847785881146 1.1698053252960405 
1.295669440049229 1.5587037812402893 0.43638568780052617 
0.9894175169183901 1.3148934956931424 0.784110853631083 
1.2403036425460665 0.6110902297733343 1.241762213699773 
0.5093126652914758 1.3304388276945545 1.3021443842347133 
1.5321542626723952 0.8334620182622551 0.8997574321306561 
1.093988163180469 0.6383975226822214 1.5009623920369288 
1.2130337089226044 0.5299576442960364 1.4516823997858241 
0.4407088889645752 1.616587898503749 1.2965737402204005 
1.3492921405254439 1.3280394264587307 0.4795614489900897 
1.07802237016904 0.6871277879902844 1.3490599941935704 
1.3808637950435008 1.080585961341775 0.6734716034914481 
0.5397686267717714 1.544324294205495 1.1924023634250702 
1.640386474131901 1.5451910866043248 0.1869986911830322 
0.9684692713389558 1.0350618487876582 0.9975942275151989 
1.2782425747271515 1.1518567404682445 0.656031522648166 
0.35241060742468505 1.5328601633341306 1.885238741686644 
1.5040353051086077 1.1128844586238436 0.619501910329576 
1.0193397105155364 1.6575482261539318 0.7396968634576193 
0.5540686645460776 1.1780434573254 1.5254494525312021 
0.642566540286432 1.1634152228480592 1.2851312952554188 
0.8038867980741062 1.0345768165329001 1.2008037968937684 
1.1382261681767118 0.8406701927314892 1.0425180904284184 
1.0299605649635286 0.8377056200084505 1.1574610588874221 
0.7844025256476185 0.9848029135268573 1.3248320656899777 
1.5253492026143605 0.5214790299773581 1.2108452169678179 
1.2203005066763184 0.7103941908350949 1.1287699733425307 
0.12181067002317565 1.6954036283453642 1.6124573356313607 
1.3681620551667155 0.9033914904747314 0.8487185803648554 
1.3259159922514117 1.432842290711833 0.4367962106947702 
1.0723889832569924 0.7556388989561661 1.2241249881493188 
1.5750214898488992 0.3408508692593768 1.3916239956521845 
0.8484683893345307 1.075014261419557 1.0925927994646027 
1.2660952272839325 0.5391670885116289 1.3243834462266224 
1.0352466245958443 0.890275060705471 1.0838707119648212 
1.0002129298740572 0.7689706673163624 1.3265964019403589 
0.6482479956171294 1.387129234109779 1.1053965628114084 
0.8028859182064796 0.9352069199298664 1.4293548621153156 
0.9479165684067712 0.79053570528423 1.5761974605122544 
0.8730356647270011 1.2046990010279928 0.9577067386816261 
1.2012544142280217 1.5061901006131015 0.5321421805537647 
0.7395013757140609 0.9939458600847076 1.4711150850129529 
0.8517278356157849 1.4003296000785754 0.8917955999176329 
1.4930564340614498 1.0123130274161005 0.7199746547175623 
1.521772945058866 1.5173440095266608 0.25141168252649976 
1.28366695255037 1.3416266767110476 0.515996710058669 
1.3968517489651 0.5302965879802325 1.232411000416765 
0.539316040483618 1.2315127810424602 1.3773064260827532 
1.4527057636688923 0.7580425536471669 0.977111103745748 
0.7510219955903432 1.135997867715878 1.1541312995290514 
0.8437381482068792 0.8883137751386251 1.4991830062760323 
1.1258657886722987 0.7201585521092899 1.2090717698548417 
1.095143313906868 1.392185448960208 0.6562682919259699 
0.4754607726212482 1.259019312953686 1.5900804491830416 
1.6055551903846867 1.7045560199417638 0.13189794194029386 
0.39326792617383277 1.4657273715239862 1.3624386992207558 
0.9660787404046273 1.0948535358604217 0.9462076418777083 
1.1394495681166141 1.0863879102219136 0.8020622754150898 
1.2670158812069774 0.7565436127139651 1.0435850757415726 
1.3749592521599694 1.1346991253307357 0.6254162719119796 
0.9982687850591763 1.2337008350950611 0.816878337552539 
1.5527978699173948 0.44504001111477093 1.2870543635366927 
1.058308743339515 1.0521090039792798 0.8971305917472605 
0.3546827318435246 1.4149166494750474 1.4607514772930201 
0.7352967103302375 1.475595176546437 0.9978361352554119 
0.6762024204407865 1.0737095316505036 1.3931838277380817 
0.49923308134369393 1.238729284773565 1.4824205111039832 
1.3347182546190892 0.5009767784488299 1.3102348564361097 
1.1571278142650834 1.2030147609628448 0.6993769312774485 
