0.5002876366725202 1.5762796960303797E-7 5.560182427720716E-8 
3.066360495097702E-15 1.5633108201224888E-15 0.5002950247051057 
2.9415541320887246E-5 0.5002617429589271 3.6484290643976535E-7 
0.04335961149701816 0.27855153101183006 0.17838426196643295 
0.09553311234036939 0.17755496937112253 0.22720098654925847 
0.22466315943406048 0.2012209633409303 0.07440533474336351 
0.1650968369570972 0.2607880021606695 0.07440545989412914 
0.05868049623791659 0.36333160890052657 0.0782811679161981 
0.09213296220711241 0.2104476561647179 0.1977150417259074 
0.034955478520636636 0.34674355506517757 0.11859458465794877 
0.32893690077614723 0.07175123743098775 0.0996045052895449 
0.2775020068742999 0.11641734188489276 0.10637107843971973 
0.09190773626792852 0.3339774725696602 0.074405524487115 
0.42916004842580197 0.07038904530053966 7.430944904799959E-4 
0.31770154390298144 0.17517720884950497 0.00741274094917872 
0.06646331772384895 0.2522018974701841 0.18162436768373297 
0.07140721374210636 0.07106025160612313 0.35782235464795037 
0.353054069702557 0.14373824029553123 0.0034971884188839336 
0.14399285731687492 0.22876720059468153 0.1275305772993191 
0.031516198834337976 0.0019195844782895033 0.466853948635317 
0.1570227697342407 0.14785257283714257 0.19540619518101687 
0.38660023597422116 0.06490233040839431 0.04878955985058791 
0.2819933227628779 0.14384918838854027 0.07444446129634234 
0.09549125882866585 0.06090393999910066 0.3438882318955692 
0.10710040898584053 0.11942595138561082 0.2737623223381524 
0.18805912569799066 0.010054573347097806 0.30217855646208425 
0.16168685672249675 0.29423669983587536 0.04436179770597897 
0.014222596567979032 0.19613300086129812 0.28993716907638356 
0.18328374896440586 0.210225140605267 0.10677713784834429 
0.21926974686831774 0.2700268618438432 0.010988236501432979 
0.14326102739201466 0.3565334363367542 4.989528116289689E-4 
0.0627829316850086 0.4282698858759727 0.009243045642599687 
0.005934600635034168 0.23975856823591066 0.254596775149981 
0.1714797054709147 0.07754661823264267 0.25125742014832364 
0.38915662271653556 0.03494714831763153 0.07619199553253764 
0.08442762453699272 0.028533217351578988 0.3873317091446935 
0.08157568990135604 0.12763874670610756 0.2910779954828128 
0.009412222250373053 0.42266503621480883 0.06821572906687595 
0.44986713837563364 0.009683998472453421 0.040736731389782205 
0.00960369648064772 0.28799436912626747 0.20269659062290046 
0.1568284618247012 0.24385957486264956 0.09960448005339008 
0.33908419555525665 0.10784649598746833 0.05336338832382244 
0.002006946011291032 0.47462134118368515 0.023660907453918585 
0.04693084366565014 0.45261629608308246 7.430915838787949E-4 
0.223577395180856 0.11523916729928795 0.16147753313735952 
0.09286157965549391 0.25450431862633505 0.15291946177517737 
0.023009563052706464 0.3967068533218824 0.08057495834922654 
0.007188685590062284 0.37458721038801723 0.11850631740991259 
0.052824536356348734 0.32157618492056295 0.12588398117572372 
0.3017536001771056 0.09991006398559768 0.09862240050387375 
0.1376997239654461 0.002344265679354905 0.3602410187177984 
0.043380666774280166 0.350972365945517 0.1059326622786171 
0.05422269216661738 0.058737651407311714 0.38733000047238736 
0.14252004295169726 0.19379592602482468 0.16397165696525304 
0.11037114425029688 0.34618241774059355 0.043739901116524316 
0.0038458492938512195 0.15255126907168248 0.34389245265460633 
0.26699848114998453 0.20060739229930638 0.03267987280372384 
0.1126114143370348 0.07510674739251579 0.3125764460441814 
0.14484919218240824 0.12850298000655372 0.22693123596305118 
0.008559644440653418 0.3272041654983585 0.16452559017019824 
0.06718835973395178 0.10019847940967258 0.3328976023129418 
0.4674716361645126 1.324003157967993E-4 0.032679744422289665 
2.839684917174812E-4 0.39900804175955945 0.10099399810914035 
0.4715849863562963 0.02853093482543335 1.7629948850967972E-4 
0.18759635679583456 0.2709777947130529 0.04171215227614795 
0.010186511787419488 0.02791801788483735 0.462186988656331 
0.193200816682023 0.30255895891330936 0.004530880711112937 
0.16017966167239783 0.0492289929133529 0.29088072096510414 
0.3005742956969406 0.00764703747553521 0.1920674307280487 
0.2358986246077476 0.007117423198257056 0.25727991764245556 
0.19550387102111974 0.0823751333858175 0.2224130359563328 
0.03660984533724436 0.2364783625340365 0.22720109151036968 
0.40520199608849816 7.415888036736705E-4 0.09434829221457881 
0.05788900338979457 0.21035903860518224 0.23204279360209532 
0.2856774169792988 0.0494263581339664 0.1651880932015404 
0.39699239109973095 0.09860449328439205 0.004693667364493252 
0.0247658089955599 0.17071803829066787 0.3048139727530245 
0.2950668090916662 0.2011337259641722 0.004085033844332873 
0.03379309353124787 0.21540771377135345 0.2510888195262741 
0.16975351629849092 4.391021036809394E-4 0.3300889082327658 
0.11060772390523556 0.38738376776822897 0.002301141818818058 
0.03099838068530984 0.11264297495971053 0.35664955601325354 
0.07284750110536106 0.3858265006249573 0.04161361055544697 
0.21773733028818038 0.0798619831727061 0.2026974405469249 
0.23735842098928195 0.08143938274012907 0.18149255437783565 
0.1103610494757224 0.0023801025700287957 0.38754758080432217 
0.04099528352271371 0.037847919361900656 0.4214441532949925 
0.2002338705400531 0.17464793527184969 0.12540840291452504 
0.11729142442894346 0.039639889491868356 0.3433544960307161 
0.07359077825170425 0.3256569091158425 0.1010462983199805 
0.05699278433515258 0.15170547470460782 0.2915935440427368 
0.11588087959546377 0.1338528261021545 0.2505520666998609 
0.3546255596397889 0.006136723857778946 0.13952606497695189 
0.28794739788672485 0.08852408009013205 0.12382406804271175 
0.2612133954542793 0.2312837318184203 0.007788820446181439 
0.04251944096567047 0.4261841790119259 0.031581279638080426 
0.1395909170908528 0.08693422933364507 0.27376085525530774 
0.17471858751666597 0.20181566444200366 0.12375032477288771 
0.14895909450586348 0.10077458694342441 0.2505520423720704 
0.14401738433485045 0.28736406019386057 0.06890959146321733 
0.09813085691325965 0.3683842422306198 0.03377036364539403 
0.1737385089316424 0.16212457226657268 0.1644239734253228 
0.152164950931822 0.02868620672080138 0.3194407998507055 
0.10050943091365477 0.27720360679216527 0.1225810740620978 
0.07335781332505541 0.002890335783035746 0.4240378392983765 
0.00770899786102321 0.13201717334707117 0.3605614811594311 
0.32389355200488834 0.14480817789401979 0.03158115228445855 
0.42078751888470983 0.03778767461291182 0.041721849564570174 
0.13223044697344585 0.2670173712819904 0.1010463314466263 
0.2678697501601161 0.005220273529267911 0.22719514509577948 
0.01999337444906114 0.43830710418036706 0.041993357658983745 
0.3347468174992027 0.0016830026618573732 0.163863704105388 
0.012299082562963642 0.261053149029447 0.22693128527854745 
0.2483732672742813 0.16060570015688705 0.09130586103200236 
0.38045422730777123 7.882063874675027E-5 0.11975668207079304 
0.4270024251087796 0.0035383515567455797 0.06974564415757831 
0.107865182210646 0.2974906661422854 0.09493828017713363 
0.36281204676795314 0.06090877641639531 0.07657129714859691 
0.19428196097106973 0.2312349981881095 0.07477377630994249 
0.20991644213640476 0.24865555140715975 0.0417119559864577 
