0.5000739037871738 6.314046228187262E-8 4.82313307593639E-9 
6.242057068032906E-9 1.7685464742175082E-9 0.5000207833202313 
1.3845754186736125E-6 0.5000193703826245 9.080711536295255E-8 
0.24129883687689033 0.041308592261482605 0.21741363381678488 
0.02889813814331339 0.33262393840322657 0.1385013595948876 
0.0944293067989711 0.011094794044083502 0.39449626679541006 
0.009363170128730553 0.39154832541538165 0.0991095886298057 
0.04580905376733446 0.30527570151213157 0.1489417528639476 
0.004187044885298266 0.44238728476174893 0.05344953144583207 
0.26265217601478896 0.13832001975044725 0.0990484180073638 
0.16458770305064346 0.31479380627372655 0.020641691964875374 
0.009247542071629717 0.07731464003436922 0.4134582914243388 
0.42422381370149037 0.0535528011323703 0.022244307892890437 
0.08351189311519439 0.30110236344605235 0.11541012557346447 
0.06418472204327676 0.1610788215079071 0.2747572203440416 
0.007868680692454055 0.12639825817183634 0.36575381654372413 
0.36505273260903903 0.13388250468955784 0.0010852065036985777 
0.1801820952593668 0.163069958998023 0.15677111489018847 
0.1272707144498399 0.29475393279664064 0.07799669667907976 
0.3458388953959692 0.05421038664670368 0.09997189412170472 
0.42301273423465635 0.014657008367163715 0.06235102102797325 
0.31549362696541156 0.1706579531939994 0.0138691138134355 
0.08478708499637004 0.2153448645353416 0.19988887910248357 
0.05805431365937 0.3781276351966429 0.06383893623573206 
0.03400648298980736 0.19125732503202383 0.2747575429227367 
0.4049813632979513 0.0738106016861754 0.021229595995674796 
0.27620516815457485 0.08163142563560011 0.1421839651508635 
0.1717708910502612 0.18738047098496932 0.14087284283647641 
0.1875989868418553 0.06477944341851287 0.2476421477788156 
0.012165498883975431 0.24548387316542972 0.24237405369500578 
0.3938500006416274 0.0070595455312750235 0.09911447683001784 
0.11993203571975904 0.11281889872610144 0.26727246818499495 
0.17355322534914444 0.008506668332726557 0.3179636658423272 
0.07993542378181395 0.10562406376514646 0.31446121761826634 
0.11936289808516597 0.34266657593646505 0.03799152844093804 
0.2559544240451815 0.1074300450710722 0.13663637824491703 
0.2697474874253037 0.2040903844511712 0.026187712855724552 
0.15146751746113787 0.029811442942531113 0.3187442876157517 
0.10158760648773382 0.37859178731243925 0.019844123298761854 
0.14287968742235668 0.3212210001086569 0.03592552702804324 
0.09907436436780599 0.3999609538194889 9.88259240670693E-4 
0.2950817310252621 0.1425874854168649 0.06235094607055469 
0.033290617069899 0.21971860049661435 0.24701168541607596 
0.18594763094958247 0.21600365137249614 0.09807027473610437 
0.04831595755391449 0.3520583812508354 0.09964602542275443 
0.048099800330748343 0.4497522337621156 0.002167831747664192 
0.15799258530746854 0.1054240866326859 0.2366041515700506 
0.1296584230858134 0.3577633769766228 0.012599094081667532 
0.06472689037975428 0.20940420080553737 0.22589004144706346 
0.2876354658227779 0.1066105037589957 0.1057744123305177 
0.2543862230247997 6.128577516940481E-4 0.2450243849499793 
0.4454237056163448 0.015433528241091338 0.039163652556495544 
0.1581925331565559 0.2824476490267159 0.05938290058384817 
0.19154132092825035 0.10360922373013212 0.20487063561515256 
0.008753207945299301 0.19610842735340142 0.2951589144624809 
0.30087748138092935 0.15845054017268698 0.04069279916602094 
0.10322029796506127 0.14978892068339827 0.24701168647237487 
0.18512500318313355 0.14006518997376152 0.174833372585085 
0.22283747593600606 0.20345748234123956 0.0737254062410483 
0.386901591966486 0.057186237276194624 0.05593591836968483 
0.3742008146203788 0.09985865514848545 0.025961376946067836 
0.11669550214380757 0.023236781854712823 0.36008713371371776 
0.3498245160548108 0.12678580434744824 0.023413191072596883 
0.47157831480459755 0.019177419359866665 0.009267744750570198 
0.02320965480948688 0.08880407973086439 0.38800964549040456 
0.009914816740313461 0.022661864648286734 0.4674444236661703 
0.06102543799488435 0.23605314539277406 0.20294220066837337 
0.3607514055721474 0.06182278915091451 0.07744924693879418 
0.08578761209281834 0.043156110515002545 0.37107662779296585 
0.17610783951470338 0.24309172836723228 0.08082357480205576 
0.0821499368032171 0.1708592663533832 0.24701167134774699 
0.181697910229526 0.032461904285241386 0.28586148732192723 
0.13530014969783477 0.15716966232230056 0.20755673757483165 
0.25380273727542213 0.23750759169801283 0.008710040441253338 
1.5853322077807424E-4 0.2261616593022312 0.27370053801663113 
0.2268635462140125 0.2667836976558938 0.006374224560726871 
0.2909838473061429 7.010273760853066E-4 0.20833914148598148 
0.06879337656896443 0.26610039116236894 0.16512701856841472 
0.06288996247742552 0.4191044309904078 0.018029528352691167 
0.030940524464874712 1.4771958176747018E-4 0.468935195018047 
0.21618102055875044 0.17474013202273558 0.10909864219726345 
0.0970297365799645 0.08569760896683912 0.31729347244923456 
0.2559726178617281 0.16605102130801366 0.07799651037087207 
0.360313707207309 0.029130887669640317 0.11057840510194988 
0.22187913304922635 0.04153772717300719 0.2366043206873705 
0.21913519669721498 0.009083250095150631 0.2718053006045278 
0.057596862748985435 0.06336789008774123 0.3790622387539248 
0.12729178871173913 0.06515068013967727 0.3075814381035326 
0.15925388225707995 0.23440233347130693 0.10636465903495325 
0.3169318986612999 0.012888497495193257 0.17020305106456046 
0.030117186532837507 0.4234141082587302 0.04648854878770092 
0.20147308095498265 0.2827484992030997 0.015802705269142375 
0.10135276285616097 0.318429542563301 0.08024444048300855 
0.31892862830646507 0.12187676322838585 0.05921430809232301 
0.240253164943094 0.0871673468702796 0.1726033478172976 
0.03208632184472689 0.2610252342010301 0.20691170143271945 
0.34433533557814694 0.01718687782505153 0.13850141202552602 
0.2960118948362152 0.058942835844974555 0.14506468825495822 
0.0622751594950434 0.12952277843926902 0.30822504112421023 
0.0886707445164501 0.07192637193236581 0.33942324482203123 
0.11002787670362633 0.19645121348164407 0.1935450849788668 
0.3258653967665397 0.095448748687398 0.07870979088244195 
0.22095162172317007 0.0741989277692746 0.2048706389705839 
0.19533827447354446 0.25643000807892197 0.04825499795096972 
0.23320270738381566 0.1261334132876284 0.1406875047671836 
0.14472049309976057 0.21854969268814772 0.13675376391675562 
0.005410156590039831 0.17509986945314135 0.3195133997012298 
0.27524255425549754 0.20824794051467183 0.01653308935084231 
0.050818849222701815 0.10042244866835312 0.3487799844546975 
4.997115274287063E-4 0.1592768723589146 0.34024707450765607 
0.0014749279772793137 0.2907257234981255 0.20782259739142686 
0.13510328588289333 0.09015068958812324 0.2747668847323259 
0.24598050715039763 0.19616279415759166 0.05787951644680744 
0.15156473348205904 0.1338634497106396 0.21459263386924224 
0.041050402552362746 0.04854369407004162 0.4104270666698254 
0.20623588513132146 0.1475402831699869 0.14624452125018592 
0.049653186181373446 0.3308933496164041 0.11947707695926102 
0.0398006887194944 0.1454493739279654 0.3147738284930728 
0.11455227827658528 0.22934217123408776 0.1561258988257206 
0.21876452556202536 0.24162657593233272 0.0396325187427415 
