0.0022240202446136515 4.0086630301586705 4.114996912335585E-5 
0.7990495566783788 2.361133211489756E-5 2.0020218870194313 
7.9714037913412135 0.3664615210050406 3.386725322270425E-15 
0.032035781264083074 8.744280421279067E-8 2.002165186005259 
6.113583052558826 2.5805438871942887 1.72407149952655E-5 
7.276427586044827 0.3514525044674948 0.8173121229156525 
2.483241902916427 1.618566455309913 1.7236695091990453 
5.229553285364791 0.464819386025655 1.4966639606844843 
7.670778664587675 1.1473495156665086 2.5294106681373706E-6 
2.9000391373788688 3.1747179090344515 0.9794599819121996 
2.515919052765286 3.7393841757171464 0.3409979651050002 
2.145230583627168 2.378089517697731 1.5196733475582584 
0.04110949857805413 3.7609359143380328 0.6832560435046517 
0.5948503692107091 3.9956066236483943 5.428781522677338E-4 
5.0351850352617635 3.025734428428182 0.3735008993451601 
3.731461135682248 3.1092811559283002 0.8455663122118287 
3.258278747993011 1.7852728252454528 1.600349941614456 
0.6789836173067577 2.6992699991149176 1.4946880442514345 
7.903630796113115 1.7211877527767443E-5 0.3424622756892173 
2.3291517479943518 1.9407913886827064 1.6506051603294052 
1.32503673769011 3.899600897225126 0.3824950787662851 
4.531385842521883 0.6036997990663453 1.6216816601284454 
2.4465801214290206 3.7089170678091987 0.5107817011116836 
6.644046205193842 0.5279020192887757 1.126359910286148 
0.009164631799177493 1.6963381618342983 1.812474578711184 
4.859025739557633 3.179884577644357 8.418597992286535E-4 
1.6218889735585251 3.3536578324257236 1.0133971314922696 
3.1771623793016226 3.6210990607249975 0.34267167408022775 
7.220060069013573 1.6194767351047012 0.32605109747913763 
6.60541471534144 2.2583581629912572 5.745747234524474E-4 
1.0673625734224115 2.8357055031442266 1.3866027369580491 
2.6960502047347497 3.555266383752137 0.6665652702838152 
5.036363196731622 4.825154188398876E-6 1.5584593920144105 
5.205765010122674 2.6298249923254784 0.7658384376668705 
3.155328657516219 3.673022728467225 0.15473695968260606 
7.725425189057464 1.0291170037722153 0.3464172056386077 
5.5651869586614575 1.8906944679788045 1.1044960091822262 
0.8928763499153376 2.0025936037251864 1.733645425483915 
2.4600074234923186 0.8898916928140616 1.8513512380298218 
6.026439057209497 2.4734457249724437 0.46103722368733774 
4.033275166848142 3.470042699202426 3.684781487966068E-5 
3.219405074920133 4.278840014326068E-6 1.8457102615627439 
6.028108939928876 0.361444868959348 1.30410724840731 
0.005117187781555719 2.6237967931734043 1.510899804560419 
4.464949864843885 2.9094893126607015 0.825500031419475 
4.1296964812648005 1.486793538281957 1.5500701457348336 
0.9255167164464823 3.733337367857739 0.6834224710960701 
6.928038608718071 1.912701928890382 0.3222865304314649 
6.672524575119503 1.0709495237050994 0.9858657620341806 
7.782467302709046 0.7397613283094993 0.3133017465550371 
5.948878538127587 4.972025250297971E-10 1.3426831128665249 
0.08092578578254976 3.1891379859526348 1.2095543753749347 
4.427776203244676 3.319473738104572 0.1543364193972828 
4.797071441300919 2.9346454075465505 0.6791806752688883 
7.860934973540547 0.3419600474945812 0.34189896432512995 
0.04613022487500367 2.9710920562223286 1.34121257064577 
5.010501512131475 2.481684213304217 1.0357259989198286 
4.47537565629287 1.0588347465475025 1.594098805779249 
0.011382226985033115 1.3959272202563742 1.8798411128898396 
7.667353136832778 0.54983047027258 0.5050871265360549 
0.043786604866811935 4.005853160622919 0.16596737591961622 
2.2712821305547988 2.663683824770476 1.391494551137186 
3.332568741464149 2.776899667956916 1.1758066705908947 
3.9375725527347667 3.4201779433052635 0.3549733725407737 
1.1506052798544299E-4 0.44925137662717923 1.9907127838356344 
5.0428161006422 3.102202743910719 0.14992121294500196 
7.555250331727379 1.2928100162189114E-5 0.6619520983629449 
7.434126847651214 1.4864704253858998 5.842849139759193E-4 
1.3865912192876426 2.0608760277456635 1.6822589969349004 
1.5014573589463782 1.4576612738637331 1.8491811768088195 
4.401432843392855 2.6926104475493338 0.9898860568043919 
1.6941697557050208 1.7539933896170832 1.753969373818682 
2.494655406611648 2.9272283837985307 1.214070626276875 
2.413511431521102 3.8338343798593866 0.16685914794560713 
0.11432562377966497 3.664796115520119 0.8061480840462987 
3.498995780308485 1.3392036044557902 1.6701518769628685 
1.4698413812279876 4.132639245282079E-6 1.9734485090529759 
1.7651350450748649 3.909832872655376 0.017748891754285907 
5.35100691925463 2.9786691395032125 1.7255579742757466E-5 
5.653236457212369 2.7659945214037402 0.32442839090667275 
7.726553255892397 1.0275713546211134 0.15474029302553685 
7.0640553153772885 1.626477449511057 0.47784872577996584 
6.483338727557167 2.338418547637955 0.15460963229298075 
4.48332575977367 3.6956779551070763E-9 1.6577709048301983 
0.8472899243456097 0.5052967305935385 1.9830136598352155 
6.905060564350535 1.5237635924318693 0.6893063264589732 
3.286788202260294 2.403582054216851 1.3880706211986398 
5.776030546071049 2.76049051275467 0.1486520036312685 
6.137103415970886 2.2295258605796477 0.6417111436864423 
0.0766456384368259 3.859570229179034 0.5383181511897074 
0.8021278092876927 3.188824407360987 1.2232663776336585 
0.5182456407610789 1.1479313427104245 1.9234711413640275 
0.682497238873876 3.930695238986461 0.33953049459473555 
7.768043230165531 9.881134275127195E-6 0.5095962482355355 
7.498011142874842 0.5850856038222859 0.670689526984952 
0.9949319347174727 2.5085096976166827 1.5827066104575755 
5.178875755450501 1.3961895608686214 1.3576365117253464 
3.9019786807990444 0.8905390594956858 1.7039513730746003 
7.2804899606188425 0.9798033041551674 0.6710374878883382 
3.098468809284707 0.577367413383075 1.8215785385402279 
6.479919456461428 1.653274151486872 0.8491780543111889 
5.667696601700324 0.5652584901695198 1.3886140518609214 
7.060188046820166 1.8900639126261802 8.708771324848103E-7 
3.118832273169998 3.3275706848329185 0.8226281887086124 
6.816504961816384 1.3627717814254408 0.7990091758374747 
8.001314892217412 5.0644167253648357E-11 2.6154194839737993E-5 
5.548465477504254 2.138139509635719 0.9854814174480073 
5.027004558571213 0.7549603883567725 1.5112665751063228 
3.8250971734571904 5.083851973762637E-6 1.7736477838769058 
3.466437662579311 3.4046274386026236 0.6126895835883529 
6.101652056020975 1.0589376357315914 1.181193473386165 
3.091762568198935 3.556249400017345 0.49770207492913654 
3.292506254953736 3.651177342680892 2.573180185688538E-6 
1.0774408952393522 3.9556144815916796 0.14935328410998813 
0.024907392599775913 3.5039995656926535 0.9706442923559735 
2.2878321016938674 3.4682614544002583 0.8624955157939651 
1.312448670817081 1.0286997170214283 1.9084903358184204 
6.36124342619582 1.2146220946058116E-4 1.2135826023932825 
5.897085322376466 1.6151054384667578 1.1037597956542544 
7.8800666162497 0.7004054699389004 1.174095883123946E-5 
