1.9804202318191528 0.008560840040445328 0.008567927405238152 
0.008098866790533066 0.007637492846697569 5.914458274841309 
0.009239869192242622 3.9284162521362305 0.010304542258381844 
1.8833414316177368 0.013387097045779228 0.4209595024585724 
0.0386647991836071 0.07316028326749802 4.786128520965576 
1.045974612236023 0.5055781006813049 0.01142515242099762 
0.1421954184770584 2.580537796020508 0.041213665157556534 
0.4307193458080292 0.7773170471191406 1.2155888080596924 
0.6288616061210632 0.059091418981552124 2.4068338871002197 
0.9325034618377686 0.5955935120582581 0.3953840136528015 
0.9236232042312622 0.6068750023841858 1.1262445449829102 
0.20392091572284698 1.374904751777649 1.2026729583740234 
1.056890845298767 0.0801960676908493 2.118464708328247 
0.2033679038286209 1.287742018699646 1.6115738153457642 
0.21760685741901398 0.46633023023605347 3.3956961631774902 
0.2615588903427124 0.4790875017642975 2.401224136352539 
0.10983823984861374 1.7139757871627808 1.2392891645431519 
0.6258546710014343 1.045380711555481 0.776547372341156 
0.497044175863266 1.3768352270126343 0.08727207779884338 
0.5342628359794617 1.3032580614089966 0.008177245035767555 
0.3988797962665558 1.6347620487213135 0.010679120197892189 
0.4387350380420685 1.4536837339401245 0.6532137989997864 
1.195602536201477 0.04205409064888954 1.206331491470337 
1.1527612209320068 0.3940696716308594 0.009178794920444489 
0.01664561592042446 0.7173550128936768 3.740241050720215 
0.40074828267097473 0.2592063248157501 2.3991265296936035 
0.20889529585838318 2.25663161277771 0.00951472483575344 
0.6634306907653809 0.024955205619335175 3.1990842819213867 
0.7708590626716614 0.24813762307167053 2.131627082824707 
1.419257402420044 0.18727585673332214 0.010130117647349834 
0.032496869564056396 2.127305507659912 2.032572031021118 
0.19244664907455444 0.6114740967750549 2.4164557456970215 
1.0910176038742065 0.06515266746282578 1.6351045370101929 
0.24032115936279297 2.1233842372894287 0.08723774552345276 
1.4789440631866455 0.16726237535476685 0.5879045128822327 
0.4890538454055786 0.12355727702379227 2.9571871757507324 
0.2687678635120392 2.004204511642456 0.22173593938350677 
1.2765125036239624 0.25460487604141235 0.432397723197937 
0.08638908714056015 0.9753783345222473 2.399078845977783 
1.6584445238113403 0.06966877728700638 0.014148521237075329 
0.7671184539794922 0.8817042112350464 0.014251560904085636 
1.07099187374115 0.41473501920700073 1.0781763792037964 
0.48270803689956665 1.4188767671585083 0.008356545120477676 
1.5005759000778198 0.11912176758050919 0.39478203654289246 
0.07233576476573944 0.9531999230384827 2.916875123977661 
0.7336335182189941 0.30019912123680115 1.5947469472885132 
0.7571238279342651 0.3170475363731384 1.212455153465271 
0.513770341873169 0.5831012725830078 1.8774839639663696 
0.46963372826576233 0.6971424221992493 1.4702855348587036 
0.6392579078674316 1.0600003004074097 0.13804025948047638 
0.5935907959938049 1.1777467727661133 0.00756942480802536 
0.6227893829345703 0.4749506711959839 1.213191270828247 
0.9471426606178284 0.5613716244697571 0.7245757579803467 
0.43456563353538513 1.535387635231018 0.04961994290351868 
0.6840863823890686 0.9933796525001526 0.1532697230577469 
0.5243050456047058 1.2897205352783203 0.3931393027305603 
0.07690081000328064 2.998958110809326 0.013664796017110348 
0.9328767657279968 0.6340738534927368 0.01072011049836874 
0.10964178293943405 0.026443498209118843 4.808154106140137 
0.5431821346282959 1.2128230333328247 0.8601461052894592 
0.827048659324646 0.7732667922973633 0.03844594210386276 
0.03500989079475403 2.256040573120117 1.2190011739730835 
0.5627354383468628 1.2316997051239014 0.18659362196922302 
0.3453962504863739 1.7031813859939575 0.9383651614189148 
0.1140027567744255 0.2455538958311081 3.611140489578247 
0.9223185777664185 0.18137997388839722 1.206634521484375 
0.08132930845022202 2.9873292446136475 0.2866351902484894 
0.14260658621788025 0.7629758715629578 2.398043155670166 
0.326098769903183 1.7934023141860962 0.23579390347003937 
1.7018468379974365 0.04802992567420006 0.8926887512207031 
1.0192233324050903 0.49806493520736694 0.3389933109283447 
1.931653380393982 0.007166932336986065 0.7153133153915405 
0.028300199657678604 0.46194300055503845 4.146387100219727 
0.33803290128707886 1.8034777641296387 0.01746658980846405 
1.3405102491378784 0.22539962828159332 0.7204899787902832 
0.6186559200286865 0.42152491211891174 1.8409607410430908 
0.5832430720329285 1.1422195434570312 0.4488525986671448 
0.3383530378341675 0.3545277416706085 2.410405158996582 
0.2661997377872467 1.072717308998108 1.9541411399841309 
1.0590875148773193 0.43138250708580017 0.7825244665145874 
0.03283758461475372 0.5280904769897461 3.6146130561828613 
0.2927367091178894 1.9565421342849731 0.009955036453902721 
0.1665387749671936 2.3296139240264893 0.99509197473526 
0.8511093854904175 0.018631311133503914 2.471909999847412 
0.1383051872253418 2.568747043609619 0.509259045124054 
0.20431825518608093 2.2061221599578857 0.39438915252685547 
0.2706800103187561 1.152750015258789 1.201521873474121 
0.029760677367448807 1.305854320526123 2.398918390274048 
0.14531981945037842 1.539229154586792 1.310097098350525 
1.5366207361221313 0.11503642052412033 0.24097338318824768 
1.197759985923767 0.300172358751297 0.8828130960464478 
0.28869831562042236 1.9285658597946167 0.43409088253974915 
0.08500774949789047 2.9337704181671143 0.4365333318710327 
0.678762674331665 0.9413447380065918 0.929110050201416 
0.600477397441864 1.0665982961654663 1.1689720153808594 
0.45791617035865784 1.449082374572754 0.3948049545288086 
0.7650843858718872 0.8275242447853088 0.39348214864730835 
0.1104494109749794 2.6414899826049805 0.9240390658378601 
0.37277355790138245 0.8352406024932861 2.035365104675293 
1.110543131828308 0.06518429517745972 1.3433685302734375 
0.7678083777427673 0.8459104299545288 0.13942474126815796 
0.34279048442840576 0.9187820553779602 1.5075017213821411 
0.6918764114379883 0.9407978653907776 0.5690922141075134 
0.08229335397481918 1.8151134252548218 1.6016082763671875 
0.3427917957305908 0.9656444787979126 1.2084321975708008 
0.24013003706932068 0.4654029607772827 2.8945395946502686 
0.18432241678237915 0.14769919216632843 3.598015308380127 
0.8053874373435974 0.7530447244644165 0.6811167597770691 
0.137333482503891 0.7121056914329529 2.7971556186676025 
0.6517673134803772 1.0691909790039062 0.011524362489581108 
0.33216679096221924 1.7912012338638306 0.47237247228622437 
0.5035997033119202 0.67880779504776 1.2191319465637207 
0.5315746068954468 0.5684511065483093 1.50911283493042 
0.15016630291938782 2.4758481979370117 0.19211213290691376 
0.030020304024219513 0.029058663174510002 5.904421329498291 
0.46500852704048157 1.3659155368804932 0.8821420073509216 
0.2790335416793823 0.3519376814365387 3.4008305072784424 
1.2344049215316772 0.3008262813091278 0.1580371856689453 
0.30136746168136597 0.03907930478453636 3.6292405128479004 
0.3855026066303253 1.6287810802459717 0.41060569882392883 
