0.9941704389759723 3.976005822810381 1.0925440721693065 
1.7689732590034313 0.027524077353098274 7.960052468592055 
0.08384165053816918 2.862444368524909 7.865069552462527 
0.16186784433045986 2.461986871767459 7.377294121047426 
1.2445325483923262 3.992568011641264 0.5972309849248958 
0.8640474822847233 2.2886682696074274 2.389313772284661 
0.4550364685067601 2.2141126762992633 4.407094707179494 
1.7057038532038316 0.8521732679306888 3.2209436435920917 
0.6995377985412781 2.8912718009105207 2.3528268909429255 
0.20063495246968727 3.64510198523299 4.595421645477369 
1.9132514592891996 1.3937325467507893 1.9491540130680791 
1.1568581524880461 1.086234623282695 3.6982145203660335 
0.7072407457970197 2.106200452805146 3.228750189970968 
1.2032954335974764 3.037244056243945 0.9259573384623611 
1.09926225687993 1.9032215392328238 2.2297588093632568 
1.6285794654331711 0.2330940291252312 5.774853288706078 
1.0241854374467871 3.001723419255586 1.3195455546531378 
0.8098771016714896 3.0135444902122077 1.8915222811069845 
0.672065330469023 1.7497192863746165 4.078358730357208 
0.47261630100993596 2.5817010337652433 3.705937196441999 
0.27092047495308486 2.5723549162215034 5.1918080734479455 
0.6629505758279225 2.4995230591331414 2.878021608076043 
1.9504639115903561 0.6221495042325343 3.7298893477695887 
0.9231298270468226 0.9873422185686421 5.000739377500422 
0.5631440504019908 1.5302160575692876 5.465534497484416 
0.6645578234583801 1.427428351488105 5.027161785181219 
0.5902523663730228 2.260700452200387 3.5331293761770293 
0.05376457332632046 3.8582291425606474 6.196102053630324 
0.740656698111953 1.367195314287631 4.720698217891763 
1.5462764704346836 0.9356983760142029 3.201558911072407 
0.3927463153746177 2.9832550308919177 3.7091587982254492 
0.6335792736113622 1.6512699955216534 4.54815604387703 
0.45120747719773385 3.6231682180564966 3.0056170839891094 
1.2390745727036714 1.8495512076864942 1.9915429355855558 
1.2574831972250176 1.455119696477524 2.603904959277333 
1.615199736704623 1.4794864225068092 1.9915511083765731 
0.8630223059341497 1.3060881083702855 4.2394167698954845 
1.4372249024292587 0.3318689824622707 5.762120156821216 
0.5739747446751817 3.6353600869634928 2.448015214165808 
0.5457737938709657 1.3893480948859256 6.334500420589464 
1.566861879438629 0.16658380201376535 6.536448741829944 
0.2652272561479859 3.8949054817867497 4.037689204629921 
0.8227075208032925 1.8322328385622269 3.2207629047956186 
0.5452235596219889 1.90396096636673 4.4761036988938825 
1.255492673003802 0.46407000621295846 5.761564849809757 
1.3951065130417155 3.0990322070598304 0.5972094019042726 
0.48556129379498103 1.8242895780016346 5.131138138630744 
0.8096073599147952 0.7934311057393142 7.682550783709989 
1.504025227012867 0.6514652083987144 4.114857303871511 
1.080774718605716 1.3790145925146078 3.2196679738437175 
0.37648474481187794 2.2088405439905365 5.021849484838739 
1.2055101219176383 0.8600928635694748 4.21663396354113 
1.1277700261258619 0.6933719476216685 5.178951233934767 
1.0016358715807478 0.5509800750348139 7.390833295246504 
0.16113321274098794 3.336910529269262 5.166294951173588 
1.7865093906287848 2.5499485594834956 0.6000424893333758 
0.4499353904803263 1.7288689350777608 5.809324308011536 
0.7876970009251275 1.4736600198823746 4.154023562575137 
1.6474001432443073 2.2424686259550985 0.9608423042158417 
0.9808926655063017 1.378906345847771 3.5553295531782583 
0.9767631902611602 1.920494718145861 2.542109226784728 
0.016273057886701303 3.900424200809901 7.016644836158496 
1.4565295748403222 2.476557120489279 0.9395378426890695 
0.9015016958521312 1.6810786002683598 3.1994541945702353 
0.5989363559087783 1.947406770203167 4.051438086778735 
1.2842277724444096 1.198456727796407 3.0768390864833894 
0.6557734414006343 1.1575904830004562 6.3771322139518345 
1.4128660118574834 0.46338945801858067 5.114652878215864 
1.4586111367916408 1.2661241952107305 2.589255879888015 
1.080391676469179 0.867600899221211 4.671115955224944 
0.9730736045876779 2.35029264519557 1.9915702151444297 
0.7465986857112071 1.0238184455438766 6.187910445058684 
1.7285797267209166 1.1816527505985521 2.440016078739056 
0.34817004024153614 2.0903633796683176 5.627396498568746 
0.1930604520644694 2.727673397114292 5.726071544460443 
1.3268160331072372 3.6307608024584908 0.5087546052515377 
0.4278448162949391 1.6486425386964192 6.514938533735382 
1.2800240076052187 2.2797354017817635 1.3878375001144316 
1.225777124674226 1.0559500018281869 3.574353136152239 
1.4897551911027325 2.889541922396198 0.5972350902594163 
0.02850086919986841 3.405725636861932 7.405192732552925 
1.9323394639665517 0.8553434748469162 3.0743304092326906 
0.845612870105543 3.8317702014943174 1.4823572908479312 
0.8570918161307823 1.9575307699861175 2.87642215009314 
1.2472884815229808 0.30890435754585627 7.4018824461832065 
0.2059661957663972 2.44897273808082 6.331244922754614 
1.0458437243204675 0.7470905117347842 5.359149877427724 
1.7129338370826084 1.0210822068267569 2.7990949004700862 
0.5272539490561051 2.166648444846581 4.035273129142439 
1.269394159819583 2.741635748347412 0.9996696407699581 
0.4644840010350999 1.4807061701261315 7.1071830221272805 
0.5214062811191839 2.7800067846253596 3.2127570811249644 
0.7280912147139217 0.9661798437337964 6.904810922707123 
0.9935732689293538 1.6181473661282013 3.0055551223120327 
1.0638684722248888 3.707465075784045 0.9607692411302221 
0.08455841585725819 3.003879329612488 6.879757131419146 
0.339055387802855 1.9504908449462555 6.287555970406426 
0.6003912573092663 1.1556439303243236 7.562489152195776 
0.244954163181372 2.1026603489760816 7.5313880574602665 
0.36145930493852757 2.761154742704978 4.155969992639136 
1.6543791063477709 2.659180335635093 0.5972483300008455 
0.6109256563921791 2.8536969142673687 2.7333887764759313 
0.7640159136604194 1.6852518184108018 3.762778898580147 
1.7488307149199185 1.7705246844129527 1.441376275948351 
0.8033240869782845 1.1681308430750046 5.022899176795077 
1.3975605536194 2.0508479683634535 1.4522122007590494 
1.1402257988802722 2.5577743045114842 1.387464268912315 
1.0927437246350087 1.6762858094605264 2.607724877099828 
0.8677478043066105 1.5602556716481297 3.581305876586571 
1.1681129974973714 0.4485342819736093 6.459074495854764 
1.2918058861073956 0.6360985870799978 4.745934102569827 
0.6999449942980999 3.751138583942984 1.9490074768074894 
1.3519812837299714 0.7609243014729323 4.1019325976908805 
0.6133279687093509 2.453565147520277 3.151791461148085 
1.078676624367843 1.0282071034941296 4.133173658093464 
1.0151051667465432 2.5576426969754076 1.673757749558261 
1.0604065675166319 2.188419791750541 1.9488109731701677 
1.5115826085768442 0.8145197558844558 3.5880070122874343 
1.8099272403479916 0.2733420889493637 5.211393469027841 
1.6822464616978716 0.7064527125634066 3.656827464038195 
