2.850549653599663E-5 4.35718921700899E-5 6.000337437265298 
0.8699764831690334 0.8456040815927095 2.6265545708225297 
0.01956843703449914 0.8370971275319398 4.330536004505277 
0.24311582095453665 0.8467793008072271 3.8889921633251086 
0.8205510594321869 0.8503642927395061 2.675771559405705 
0.14834662814595068 0.8481460359074668 4.044879613046666 
0.6936613128006435 0.2674413754741972 4.70938611888086 
0.7191059288771385 0.12735685971664878 4.735957569324755 
0.022474871658005074 0.6646601871824624 5.323024739266397 
0.8027163141715745 0.23459265365794166 4.006825011359146 
0.7203575319323973 0.17511344226250858 4.583779995293397 
0.6685197818118416 0.07209303284930252 5.20611739542661 
0.09670214211816297 0.17805008490859525 5.473847107325493 
0.19444780872597828 0.7862378760958451 4.122281146397129 
0.7871872769187472 0.7682555636923756 3.1597935716459435 
0.13108560726709606 0.7807715393541543 4.281249571326962 
0.1865174643121703 0.7581572417503072 4.296924575245539 
0.14970603970892749 0.6853245155121503 4.898757827079852 
0.7130651097199902 0.2678013283436907 4.570791855630296 
0.8472983702847341 0.23214644103534 3.891956490177391 
0.05531026616410882 0.18260547557297568 5.5546378253129 
0.8686833050050748 0.7338874468891465 3.1517040634841247 
0.6913505540968559 0.0987700744587462 4.971946870799132 
0.08292778425940639 0.7303339165459638 4.740214770599222 
0.031060929157576987 0.6362851644035252 5.5138704359903326 
0.12286108402409168 0.21211826279165774 5.359912416430476 
0.6355377846528192 0.17628267485256605 5.201208688555394 
0.20939207962306383 0.2010162028260175 5.20730963685704 
0.7445661150439583 0.8144398318514341 3.1443288410471615 
0.6274657431346952 0.7538445935908799 4.296494238457527 
0.15831730805847843 0.07799471533540053 5.563421544723868 
0.11023388692433947 0.03157826169438166 5.754752935600936 
0.18679798176398824 0.7173707749837404 4.583597843069667 
0.7130651097199902 0.6645500792970918 4.334395831616737 
0.6854273479830235 0.768362359220347 3.803853763645142 
0.7367800609654662 0.7607541476459138 3.462086028569453 
0.11370417937056468 0.8481460359074668 4.125033626630863 
0.7013532784686657 0.7068008276434044 4.1063022403689455 
0.1346443598824148 0.7361915401896588 4.554380839084468 
0.7514687656549695 0.6693978002599728 4.069502792778417 
0.19069568768820172 0.1702942943836156 5.284278864988791 
0.23276390147159332 0.05377013504762845 5.499857148282101 
0.00515709859404806 0.7625890677056525 4.718716733142374 
0.7660271270447216 0.8481460359074668 2.9297300341780956 
0.05743307984549323 0.7791755513463346 4.4742213097806465 
0.6793063304419588 0.6362851644035252 4.820437807021345 
0.7088266662800561 0.783154833681845 3.5492842552809205 
0.015459956637353112 0.2674413754741972 5.559979932619097 
0.18439557544635768 0.2961276996297779 5.312118719610703 
0.6845954704268041 0.6628094426496748 4.571145363264948 
0.7727410076907573 0.8152928795956982 2.9589324092064992 
0.7413940135020287 0.7800349309491185 3.3463125323671212 
0.810312968744698 0.8291126924758436 2.801495702261979 
0.8324626159208057 0.805374861762549 2.7536922216267974 
0.8094101940705334 0.7343617110018943 3.2376375152291565 
0.6390439429217776 0.6967289278884049 4.6925317801186495 
0.7769749211867086 0.7538165651540427 3.280666330986048 
0.8205510594321869 0.11370425332655415 4.152015494228203 
0.6667620809998902 0.00881302214111307 5.324078195571225 
0.05531026616410882 0.22609346612334613 5.500121287513502 
0.7717016567417749 0.6903382659318228 3.78270185474704 
0.8064361961408254 0.03255144143044242 4.398682334395641 
0.7367800609654662 0.010349375047908338 4.800435508789743 
0.8163186815967489 0.7180650109108473 3.3270250888897666 
0.003247839292806226 0.12259761861572144 5.76313923840118 
0.13072480694665423 0.6631220057495574 5.106928265428715 
0.18679798176398824 0.8481460359074668 3.9425054559195 
0.7177489236522613 0.06895524306285612 4.880217146409025 
0.7733684809340763 0.6725100752333486 3.93140247813474 
0.04252656096492108 0.7284569250926407 4.8183913052786185 
0.8106950357763778 0.8062642903052554 2.8530855355620184 
0.13072480694665423 0.10167304122484916 5.562631365892776 
0.6271709524534786 0.7209417950516189 4.530102307905103 
0.8323557862973544 0.6883475421563893 3.5085628408528136 
0.17888891920052058 0.7406794488866554 4.428089698606664 
0.12249429982843735 0.3013526342250216 5.450316103055245 
0.787576806323032 0.14151682586211567 4.337183796847585 
0.18350011165207306 0.12782899918853718 5.3914287149825295 
0.00359727059593673 0.8029386454762759 4.469020395749469 
0.8324626159208057 0.20729731132554574 3.963247242989416 
0.02075588353246466 0.69329401223075 5.262476545808602 
0.7034623484172277 0.7429672886224502 3.8375007297402295 
0.2326721801513817 0.7424750937694458 4.350315151821338 
0.8254195939346708 0.6637511716175347 3.706541309990661 
0.8326063563434031 0.06083239136276869 4.241686308050516 
0.7879801909261203 0.18178219520359282 4.134703792587286 
0.23276390147159332 0.09501084774997254 5.409789284473432 
0.1998602021368542 0.01544316463147205 5.593337271422876 
0.6832587361527224 0.17511344226250858 4.893322407132531 
0.7442461683348938 0.8498524171029426 3.073047262464045 
0.6802091419779687 0.8471923814810349 3.6453200679245215 
0.7720471017791835 0.17511344226250858 4.266716454358752 
0.802492358778617 0.7801368279370818 3.053583350789391 
0.7253734962106894 0.029922166115036647 5.165509676507638 
0.7867731243728233 0.2730401327435644 4.082038265811845 
0.0013777269393135394 0.6108037052017121 5.820594125944934 
0.0437256319570261 0.666542916601162 5.29881355269198 
0.6802091419779687 0.7519268373714308 4.039950319146585 
0.6593707739787577 0.3013526342250216 5.072550647518066 
0.7714742900004365 0.7127628698968784 3.5733438938658346 
0.0553829277126725 0.006552740145085145 5.913394820260854 
0.7445661150439583 0.03618663914468623 4.71841472382372 
0.7609488703273929 0.0700472308412759 4.537719900518931 
0.767422742941879 4.35718921700899E-5 4.609616788491296 
0.12286108402409168 0.12630632776333603 5.521518207564841 
9.188069133492134E-4 0.7215246011701655 5.035841527436774 
0.6577785228017369 0.8187871943308678 3.8838488799384994 
0.7554032851372905 0.7796603331173877 3.2229199973627005 
0.14858458478329717 0.7024530507586169 4.779518808432741 
0.7554032851372905 0.21211826279165774 4.279583323724169 
0.23144437314715643 0.7934741510048315 4.0491196605737505 
0.7283045724978059 0.2205715250754941 4.527485960952123 
0.7609488703273929 0.11365160729851126 4.4366288327219285 
0.07633637658968423 0.07365374816175702 5.754118654230293 
0.7137134420389609 0.8453188682120192 3.295704250783713 
0.10457482247523009 0.8144781831075902 4.2207826448001375 
0.2326721801513817 0.7581572417503072 4.245403581355679 
0.6850182793839008 0.8866184095819186 3.543752955634512 
0.8333918367551414 0.7642687998583192 2.964541088166434 
0.7417305472015404 0.18262098113088593 4.421120542915338 
