2.0486154556274414 0.05951074883341789 0.062209103256464005 
0.049250487238168716 0.07651545852422714 6.0479416847229 
0.10293442755937576 4.0366034507751465 0.5597983002662659 
0.053912438452243805 3.059731960296631 3.9971365928649902 
2.0403878688812256 0.42333024740219116 0.0627434253692627 
1.6114939451217651 2.5475549697875977 0.06329996883869171 
1.8234453201293945 1.8956913948059082 0.07012275606393814 
1.7629352807998657 1.9862425327301025 1.2210384607315063 
1.388427734375 3.0180928707122803 0.05245997756719589 
1.9937512874603271 0.9461656212806702 1.2285135984420776 
0.054962947964668274 3.407578468322754 3.306551218032837 
1.9172378778457642 0.159436896443367 2.179182529449463 
0.6863731741905212 1.5290857553482056 5.312069892883301 
2.0233194828033447 0.5791043043136597 0.5585395097732544 
1.5279667377471924 0.6267456412315369 3.9958460330963135 
0.7856096625328064 3.7964541912078857 0.8997142314910889 
2.0413153171539307 0.07383733987808228 0.5580433011054993 
0.7292922139167786 3.4359846115112305 2.833338499069214 
1.3528473377227783 2.5003230571746826 2.7261459827423096 
0.5886313915252686 3.9109458923339844 0.05921708047389984 
0.827476978302002 3.4827256202697754 2.219829559326172 
1.7222949266433716 0.3741363286972046 3.3414697647094727 
1.6800614595413208 2.409778118133545 0.6452631950378418 
1.5152212381362915 2.5103724002838135 1.7683759927749634 
1.8288494348526 1.5134608745574951 1.7512465715408325 
1.4197509288787842 0.6128163933753967 4.334527492523193 
0.48468688130378723 0.16755014657974243 5.916154384613037 
0.3010418713092804 1.9609577655792236 5.265388011932373 
1.3207584619522095 1.0122302770614624 4.448764324188232 
1.7667298316955566 0.9804490804672241 2.8729352951049805 
0.35629934072494507 3.3651280403137207 3.341261625289917 
1.186277151107788 3.3384454250335693 0.06400071084499359 
0.06526605039834976 3.778536558151245 2.2270255088806152 
2.0133416652679443 0.05724211037158966 1.1917015314102173 
1.0633604526519775 3.534449577331543 0.0819878801703453 
1.341393232345581 2.802309989929199 2.4709692001342773 
0.644218385219574 3.7429914474487305 1.6638320684432983 
0.09083832055330276 2.59661865234375 4.7266011238098145 
1.0155177116394043 3.456655263900757 1.2466233968734741 
1.3684135675430298 0.08151490986347198 4.556771278381348 
1.988467812538147 1.0970191955566406 0.11810329556465149 
1.2638615369796753 1.924697995185852 3.9008052349090576 
0.881671667098999 1.359747052192688 5.132891654968262 
0.49665457010269165 3.2480099201202393 3.5208117961883545 
1.1415997743606567 0.8162291049957275 4.972347736358643 
1.043734073638916 3.282526969909668 1.9425604343414307 
1.3964333534240723 2.077831983566284 3.2705342769622803 
1.8712067604064941 1.5465388298034668 1.0697640180587769 
1.599703311920166 0.08756281435489655 3.837744951248169 
1.1580110788345337 3.3612332344055176 0.803680419921875 
0.5487157702445984 2.673949718475342 4.334391117095947 
0.7573385238647461 1.0954676866531372 5.535349369049072 
0.5561121702194214 2.332996368408203 4.760472774505615 
0.3919093906879425 1.618359088897705 5.540754318237305 
1.9255386590957642 1.5787158012390137 0.5867201089859009 
0.5382062792778015 1.138529896736145 5.656692028045654 
1.7657421827316284 1.4608068466186523 2.3809611797332764 
0.054861199110746384 3.6336052417755127 2.71044921875 
0.6928364634513855 2.2557833194732666 4.668613910675049 
0.08619394153356552 0.5079143643379211 6.008146286010742 
0.2807005047798157 0.0951511412858963 6.00858211517334 
1.7587472200393677 1.869430422782898 1.636383056640625 
0.5543189644813538 1.9219260215759277 5.169984817504883 
0.8664734959602356 3.7151732444763184 0.5731281042098999 
0.23583002388477325 4.0286993980407715 0.11110550165176392 
1.8919256925582886 1.0937855243682861 2.3059582710266113 
0.6437153220176697 3.8372230529785156 0.7923076152801514 
1.1772640943527222 2.479632616043091 3.442272424697876 
1.5480923652648926 2.215973138809204 2.378046989440918 
0.3801569938659668 2.286292791366577 4.967262268066406 
0.05613481625914574 1.6047948598861694 5.5784502029418945 
1.8438960313796997 0.5299234390258789 2.781313419342041 
1.6872178316116333 2.0498406887054443 2.066547155380249 
0.26956039667129517 3.99696683883667 0.8690094947814941 
0.5458475351333618 0.4993091821670532 5.823734283447266 
1.0360699892044067 1.6349942684173584 4.689077377319336 
1.9649521112442017 0.06269896775484085 1.7699427604675293 
0.5393641591072083 1.521022081375122 5.491655349731445 
0.9501479864120483 2.2865731716156006 4.262476444244385 
1.865852952003479 1.7181532382965088 0.05084846913814545 
1.713320255279541 0.872246503829956 3.3431973457336426 
0.9743708372116089 3.2356786727905273 2.4786391258239746 
1.357532024383545 3.0700578689575195 0.7545868754386902 
2.0053141117095947 0.6730291843414307 1.0869383811950684 
1.9131368398666382 1.2697174549102783 1.2491544485092163 
2.0055747032165527 1.0560234785079956 0.7572599053382874 
0.4899721145629883 2.929011106491089 3.9936165809631348 
1.7932875156402588 0.11255669593811035 2.998243570327759 
0.08881118893623352 2.727288246154785 4.5411787033081055 
0.07311948388814926 4.008950233459473 0.9747489094734192 
1.0462504625320435 3.014688014984131 2.761895179748535 
0.535581648349762 3.5746805667877197 2.463369369506836 
0.05648474767804146 2.026174783706665 5.265473365783691 
0.05716702714562416 1.144378900527954 5.8243560791015625 
1.7666250467300415 1.2649973630905151 2.693692445755005 
0.9573289752006531 3.018533229827881 3.0049734115600586 
0.2497381865978241 3.117790937423706 3.844364643096924 
0.5505991578102112 3.393228530883789 3.132840633392334 
0.30223900079727173 3.7638723850250244 2.363006830215454 
0.8117084503173828 0.7858664393424988 5.504693984985352 
0.923782467842102 2.784341335296631 3.5889394283294678 
0.9091126918792725 0.5021371245384216 5.489190101623535 
1.2291139364242554 2.715956926345825 2.8253173828125 
1.5458656549453735 1.1269043684005737 3.7228987216949463 
0.9195102453231812 0.12691205739974976 5.447540283203125 
1.606873631477356 1.4798171520233154 3.3422389030456543 
1.177634358406067 0.41936707496643066 5.037277698516846 
1.3440544605255127 2.985008478164673 1.2718216180801392 
1.1799882650375366 3.2559032440185547 1.3118634223937988 
1.2745660543441772 0.5318474769592285 4.760012149810791 
0.9575962424278259 1.2891000509262085 5.060698509216309 
1.0914191007614136 0.08496789634227753 5.165962219238281 
0.40638279914855957 3.9313695430755615 1.2192232608795166 
1.4983526468276978 2.02708101272583 2.919358730316162 
1.4343124628067017 1.4488738775253296 3.8425371646881104 
0.6420004367828369 3.2142794132232666 3.349726915359497 
0.25689664483070374 1.0394026041030884 5.8445820808410645 
0.809363603591919 2.672898292541504 3.9674620628356934 
0.7321942448616028 3.8263986110687256 0.06534529477357864 
1.5878185033798218 2.668215036392212 0.8213760852813721 
