0.037041980773210526 0.0234916340559721 6.0180344581604 
1.7956212759017944 3.3360867500305176 0.028506431728601456 
0.0469488650560379 4.010534763336182 3.3793563842773438 
2.0124351978302 0.1739591360092163 3.2580132484436035 
0.03675588592886925 4.013148307800293 1.9235306978225708 
2.0082597732543945 1.271040916442871 2.732030153274536 
2.0118207931518555 0.9674527645111084 0.012362107634544373 
0.5611758232116699 0.1379263997077942 5.986279010772705 
2.008333444595337 0.9663193225860596 3.066592216491699 
0.2834012508392334 0.1462412029504776 6.005327224731445 
2.0280473232269287 0.16339218616485596 0.028578005731105804 
2.004453182220459 1.606961965560913 3.345993757247925 
0.2707522511482239 4.019781589508057 0.6014619469642639 
1.998449444770813 2.4180352687835693 0.015993265435099602 
0.06348400563001633 4.030029773712158 0.0306992270052433 
1.9602447748184204 1.4287312030792236 4.301239967346191 
1.4935249090194702 2.857555389404297 5.179898738861084 
0.502181887626648 3.9901723861694336 0.5594688653945923 
1.5152039527893066 0.13063403964042664 5.424465179443359 
1.034858226776123 0.029452359303832054 5.81464147567749 
0.8078975081443787 3.9285941123962402 3.1247715950012207 
0.2860129177570343 4.005056858062744 3.1899020671844482 
0.052941955626010895 4.035365581512451 1.233559250831604 
2.007024049758911 0.4486667811870575 3.6475789546966553 
1.9901721477508545 2.199781894683838 3.5277092456817627 
0.7631247043609619 3.9533326625823975 0.02625643089413643 
1.3060648441314697 0.042136967182159424 5.671332836151123 
1.9826234579086304 2.770028591156006 2.6529488563537598 
1.9392374753952026 2.9506542682647705 0.02382185310125351 
0.03480963036417961 2.040762424468994 5.814929485321045 
1.9876198768615723 2.520261287689209 3.1059653759002686 
2.0078065395355225 2.276975154876709 1.3528605699539185 
1.766571283340454 0.15281689167022705 5.024068355560303 
1.0537705421447754 3.904423713684082 2.226356267929077 
1.9842512607574463 2.567426919937134 1.6392756700515747 
1.7667086124420166 1.1033791303634644 5.012752056121826 
1.2292969226837158 3.8162424564361572 2.343761682510376 
1.857627272605896 3.1657660007476807 3.550581216812134 
1.988686203956604 0.027232300490140915 4.011505126953125 
0.0591316819190979 1.5240137577056885 5.919956684112549 
0.5801891088485718 2.1541967391967773 5.777160167694092 
2.0077757835388184 2.328456163406372 0.6778059601783752 
1.3869062662124634 3.7069742679595947 0.5529711842536926 
1.1628214120864868 3.5630788803100586 4.711462497711182 
1.9166183471679688 0.19436658918857574 4.547069072723389 
1.1300581693649292 3.864011526107788 2.6503026485443115 
0.6010908484458923 3.896270513534546 4.080773830413818 
1.0482112169265747 1.511115550994873 5.807862758636475 
0.3736504316329956 2.1246423721313477 5.806838512420654 
0.47105997800827026 3.9952030181884766 0.021621856838464737 
1.4237960577011108 1.6932615041732788 5.510985374450684 
1.9393763542175293 0.940394401550293 4.435361385345459 
1.2560434341430664 0.5110843181610107 5.688168525695801 
1.3881953954696655 1.1578006744384766 5.584836483001709 
0.04734048247337341 0.5651924014091492 6.002377510070801 
1.8903030157089233 3.1625912189483643 1.1030844449996948 
0.9526289701461792 3.6268136501312256 4.7003068923950195 
2.0196657180786133 0.10287424921989441 0.6836639046669006 
0.25985875725746155 4.013411998748779 1.2644482851028442 
1.5978467464447021 3.6023151874542236 1.0230848789215088 
1.5334687232971191 3.660445213317871 1.0460999011993408 
0.5506009459495544 0.6048007011413574 5.976223945617676 
0.4781026244163513 3.9782626628875732 3.6734108924865723 
1.7541065216064453 2.2592570781707764 5.035635471343994 
0.1572311520576477 3.4100723266601562 5.1642608642578125 
0.7396999001502991 1.9390298128128052 5.81471586227417 
1.3582582473754883 2.2683749198913574 5.518951892852783 
1.5130308866500854 3.6197268962860107 3.2479352951049805 
0.23003271222114563 1.4662009477615356 5.93826150894165 
2.0048599243164062 2.1100189685821533 2.3079395294189453 
0.9038609862327576 1.2645795345306396 5.888793468475342 
2.0181312561035156 0.01849343813955784 1.4080170392990112 
1.9451984167099 2.417327404022217 4.230413913726807 
1.6250460147857666 1.9985333681106567 5.284193992614746 
1.4876296520233154 3.322614908218384 4.692986965179443 
0.613825798034668 2.5724756717681885 5.636221885681152 
0.26197439432144165 3.033893346786499 5.435467720031738 
0.5596855878829956 3.9824628829956055 1.7244402170181274 
1.9052616357803345 3.0296924114227295 1.6365466117858887 
1.1339472532272339 2.6342740058898926 5.497032165527344 
0.8148825764656067 3.950401782989502 0.5082700252532959 
1.6853004693984985 0.7718894481658936 5.207179069519043 
1.6656192541122437 3.2695717811584473 4.414120197296143 
0.8944310545921326 1.9801030158996582 5.80805778503418 
0.5577973127365112 3.9800007343292236 2.3022680282592773 
1.2505606412887573 3.790442705154419 0.021468132734298706 
0.4463704824447632 3.537614345550537 4.976179122924805 
0.40111058950424194 1.722294807434082 5.875319957733154 
0.7673366665840149 3.1452507972717285 5.329113960266113 
0.1974252462387085 3.9524848461151123 4.096342086791992 
0.15462519228458405 2.3773655891418457 5.7234787940979 
1.6398873329162598 3.51142954826355 2.666018486022949 
1.0424083471298218 3.2102255821228027 5.178022384643555 
1.2452715635299683 3.7794933319091797 3.108402967453003 
1.2745040655136108 1.846337080001831 5.653088092803955 
1.3723119497299194 2.5657687187194824 5.42189884185791 
0.6226887702941895 3.7316174507141113 4.667660713195801 
0.4975135326385498 3.987461805343628 2.46794056892395 
1.071274995803833 3.770688772201538 4.158959865570068 
1.6599351167678833 1.6335645914077759 5.251221179962158 
1.2134567499160767 3.022350311279297 5.2597150802612305 
1.9220298528671265 2.9201745986938477 3.746999740600586 
0.2723022401332855 1.0470945835113525 5.984045505523682 
1.3959132432937622 3.6782214641571045 3.7230608463287354 
1.074256181716919 3.8703033924102783 1.3486218452453613 
1.0027124881744385 0.47711482644081116 5.818459987640381 
0.27727603912353516 3.7852139472961426 4.627422332763672 
0.7530031800270081 3.858097553253174 4.1545233726501465 
0.28233134746551514 4.010710716247559 2.3139901161193848 
0.09634802490472794 0.9757997989654541 5.996744155883789 
1.9385782480239868 2.9414377212524414 0.6791340708732605 
0.7595028877258301 3.9447102546691895 0.9982465505599976 
0.03579892963171005 3.681337356567383 4.78444766998291 
1.1900625228881836 3.7902560234069824 3.7851126194000244 
0.4390774369239807 3.14163875579834 5.34677267074585 
0.838640034198761 2.561251401901245 5.616092681884766 
1.9684207439422607 1.9372103214263916 4.276794910430908 
1.2962474822998047 3.3998525142669678 4.815301418304443 
0.9207488894462585 0.8352273106575012 5.8505048751831055 
1.1045143604278564 3.865400552749634 0.5356124639511108 
