0.0022801087835263895 1.046802050580892E-4 1.3895052400340588 
0.3299341260039198 4.847773238054209 1.5272195726124437E-4 
1.2074983663737846 0.0063790608591053465 0.0019677807331431726 
0.8362753999782704 0.5484106368560698 2.706366031632644E-4 
0.0022193619093690115 1.113368197174611 0.0045362900469536685 
0.4813081278457756 0.9948805304253285 0.0075287650418002965 
0.5404726841278371 0.8076606994242318 0.5053601461485563 
0.30963864580876904 0.9479795503954328 0.22179501742048854 
0.002533850774652235 0.6441139340160066 0.7653749653020855 
0.0017742007880704974 0.7488693495524822 0.6695155881574562 
0.2242257724522291 0.849750906499186 0.4776188720049206 
0.02851887056032704 0.4596570475305249 0.8927612524959563 
0.913962940600201 0.41431538302669707 0.40757451342326534 
0.22094930829722836 0.6650508819368076 0.7544607261572145 
0.2574095047391832 0.9751667269316324 0.012805520006683882 
0.7158125160984082 0.6269368081988935 0.6987259117593096 
0.30025666833786957 0.41410382469273027 0.8762239648141715 
0.008935737195094683 0.11887821225202455 0.9999979200073315 
0.7802924348745421 0.5147700385577486 0.3634890747130856 
0.4727674940596239 6.784942064333112E-4 0.881318998386002 
0.13326856582673494 0.5130225587342386 0.8488152925867456 
0.9706356891231827 0.29947067461741417 0.24077794035448813 
0.22966750907936198 0.4008346860128457 0.8894678745305555 
0.4012385303402635 0.9940779624478482 0.008259735359593451 
0.8975321512770281 7.005579618614712E-4 0.44302172918126004 
0.3065233916076861 0.8093092137527901 0.5045075773395818 
0.20241287613734915 0.9966439902172729 0.009916237738377671 
0.9214204053390352 0.10190633251929165 0.38878789876317826 
0.678944568476636 0.8075291827741647 0.5053601461485563 
0.3957456433791093 0.7072191299751256 0.6755487955223278 
0.742530674909103 0.9361550392983375 0.3399523896208885 
0.8944345280426108 0.5133227290019521 0.36453299232964337 
0.1692232670593341 0.9320354592999196 0.3625129617973896 
0.9167297392755109 0.40082098111276326 7.101097172221597E-4 
0.1519553032732012 0.9923863246988903 0.15566093301327827 
0.6810720593470116 0.39064952306280193 0.7369295129207388 
0.3155172781970845 0.6295239343991544 0.714201033407795 
0.9963657708585031 0.2932036635474501 0.08830363698961279 
0.048141657056211186 0.2073492207188157 0.9818435915336748 
0.9164850318160158 0.4016294953348208 0.09579139345994947 
0.10626932109991849 0.9309662832720319 0.36587160930029045 
0.828277988067545 0.3205524850857426 0.5605906057973824 
0.23345491354286152 0.9402729458466736 0.26325201749265553 
0.8876748374238597 0.3069770802298366 0.46180997712580085 
0.8626697757054934 0.12953201407512513 0.5060492492096038 
0.30300918520049974 0.0023113494269102687 0.953079134401982 
0.7953234703244683 0.25904709565771344 0.6069925239205347 
0.7913648576697327 0.920883337271277 0.007068539976471028 
0.7257022555600222 0.27808397015562786 0.6887166600073414 
0.41133056347359886 0.4043885153677903 0.8327956972255891 
0.9226210078362782 0.21364846720963143 0.3859333368456025 
0.008204854336717311 0.9869861911204325 0.16378141856127043 
0.7791933527273643 0.7258989620353834 0.48968272417624037 
0.3391966426469149 0.3339150202682873 0.9232694227193357 
0.7218603247140238 0.05734970162765812 0.7199561810069461 
0.9888075517096335 0.17363459632414938 0.17097769082739117 
0.8043910701994859 0.5932310402564022 0.08570816219730706 
0.9776054539400033 0.0016891319635373352 0.21059750095997376 
0.3659279740861909 0.4654655665951085 0.8068585531852742 
0.12528214484748473 0.0034138461260767535 0.9923130885381661 
0.8962175138197543 0.18841730583894845 0.44572148928436806 
0.5678977204322884 0.30992003807279334 0.8233784373878913 
0.2282194274123679 0.9331095451927947 0.3620052851215565 
0.545649169324246 0.10190900387930364 0.8383215126286228 
0.0025742854543091996 0.5770782798790193 0.818580146386557 
0.9949112587089629 0.002582307464177776 0.10113873001140641 
0.33743924159600797 0.5733399880243449 0.8240371992615791 
0.99826209910992 0.15777314990245686 0.08627597782811262 
0.08219155958759368 0.6289001206551029 0.7793124247185905 
0.24827130952303955 0.8273986177720073 0.5590624857914779 
0.999997596133217 0.2635373949081497 0.02326727439641952 
0.48970884500222367 0.17669099536320337 0.8719523662850146 
0.2934850533457678 0.12920628511456725 0.9596111754007788 
0.14505151942700678 0.26332408639011895 0.957481201574963 
0.5203433633869162 0.0013247085015265971 0.8541995582077548 
9.040449960335933E-4 0.6442299119926429 2.3592248322698928 
0.37672741422450123 0.9622779280884222 0.146043827704412 
0.7431598753840738 0.0015372817483039643 0.6692960411824137 
0.7703378442465407 0.4850675776501961 0.6378790891080209 
0.23498725383293032 0.9862553998416194 0.13101318628345454 
0.007900942700539874 1.0396595797424277 0.06539616974768758 
0.7525973891545941 0.06514801910443423 0.6598232134755351 
0.8148316397038677 0.41383628774660797 0.5816690498105864 
0.08249167743693053 0.7425055151830875 0.6851737792489144 
0.6384830189545647 0.10823449129984883 0.769738871599758 
0.4096456628095421 0.7663832309428611 0.582628632518145 
0.3332084475289259 0.21150108496060824 0.925784516521662 
0.4922025169530979 1.483526055010143 1.524564173321333E-5 
0.7239768476956354 0.19051533971337228 0.6899846498112336 
0.5845224769214885 0.15951008105003517 0.8371167879587964 
0.12296808781456954 0.995153562193221 0.02174416230467522 
0.10387567645708391 0.3102218877638573 0.96226301828963 
0.0015282176563916224 0.3637025397455326 0.9325426624461607 
0.7956182160560398 0.135298933981114 0.6061466268508581 
0.413545133552554 0.27914608350913583 0.9145738960065635 
0.03239585320678975 0.06687735284660379 1.0000622078124257 
0.7222092926512091 0.47937394056632826 0.6925972526246644 
0.9473624096384899 0.002854732094565184 0.3217042181521978 
1.1309418401836474E-4 5.061781921893746 2.3298952598686804 
0.39127211066988143 1.5170489534075208E-5 0.9203271810817052 
0.6654731282958217 1.2854312545498072E-5 0.7464946666886471 
0.6057725808778808 1.35191518326253E-5 0.7958237082705437 
0.9164630917232116 0.40162866117305934 0.2019400471565727 
0.4913838129208807 0.10397442317211267 0.8710805976411958 
0.7434838289875438 0.37688725828780384 0.6689946651868884 
0.2864315220444319 0.9714558169296266 0.06490933443836014 
0.4057913750200136 0.9476108658602284 0.21928005364574693 
0.8408184736485494 0.006967176959621102 0.541531666838747 
0.05191956270226551 0.8494426701417324 0.5271197050468494 
0.20582264066291223 0.2865769036442193 0.947659311570302 
0.061067455564227116 0.0034451847795999523 0.9982848895381015 
0.3109517427399595 0.7213350706013771 0.6571830090135173 
0.12251901655500785 0.4225644390899543 0.909894313836754 
2.192110142465816E-4 0.9449300014393763 0.3363319878452407 
0.233202602879407 0.04932738128920566 0.9816494806803213 
0.6832697963546871 0.278323004159565 0.7347906442995095 
0.916729431526416 0.4976269634243026 7.147940643581453E-4 
0.7920287231608061 0.7076907371616962 0.02229587982111075 
0.22177469438722874 0.19196994735623704 0.9755028652576156 
0.9837928476797749 0.30113987306525775 0.18131335140392965 
