0.134547159075737 4.048952102661133 0.07899240404367447 
0.23486776649951935 0.05621879920363426 6.027065753936768 
2.0517191886901855 0.06948453187942505 0.10658229887485504 
0.0681963860988617 0.30225661396980286 6.039535999298096 
1.6880675554275513 0.06450889259576797 3.5071206092834473 
0.11217348277568817 2.5230066776275635 4.769874572753906 
0.9234536290168762 0.3426404893398285 5.436834335327148 
0.11242569983005524 2.9797801971435547 4.136790752410889 
1.9082112312316895 1.5470497608184814 0.07098391652107239 
1.8720622062683105 1.1475309133529663 1.989410161972046 
0.13266488909721375 3.7815184593200684 2.2293858528137207 
1.8000297546386719 1.1748813390731812 2.4523823261260986 
0.13023439049720764 1.1309736967086792 5.8331170082092285 
0.8111166954040527 2.5090837478637695 4.209587097167969 
0.6673795580863953 3.823981285095215 0.8181943893432617 
1.8220731019973755 1.739155650138855 1.2613744735717773 
1.678835391998291 2.3770086765289307 0.06956416368484497 
0.13602253794670105 3.919673442840576 1.5855332612991333 
2.01574969291687 0.06946277618408203 1.2260899543762207 
1.3129905462265015 3.0740060806274414 1.3370743989944458 
1.456710696220398 1.9096713066101074 3.2948904037475586 
1.5580552816390991 2.681648015975952 0.06379005312919617 
1.8401380777359009 1.4719102382659912 1.690648078918457 
0.7780420780181885 1.6988102197647095 5.066843032836914 
1.5351214408874512 1.1614556312561035 3.727257251739502 
0.20125016570091248 3.38308048248291 3.3445873260498047 
0.5859274864196777 3.2639238834381104 3.258180856704712 
0.12344937026500702 3.534092903137207 2.9957354068756104 
1.96455979347229 0.7112875580787659 1.5579321384429932 
1.6956368684768677 2.12614107131958 1.480168342590332 
0.8107938170433044 0.1141488328576088 5.6144585609436035 
0.7464950084686279 3.40701961517334 2.613030433654785 
0.819560706615448 2.8405749797821045 3.6870274543762207 
0.9668832421302795 0.9770557880401611 5.212738037109375 
1.4910242557525635 2.321274518966675 2.454113006591797 
2.0418243408203125 0.44567665457725525 0.06307303160429001 
1.706994652748108 2.2731058597564697 0.5768101811408997 
0.2355353832244873 2.808664083480835 4.3636474609375 
0.42373162508010864 2.414491891860962 4.771265506744385 
0.5191454291343689 3.5982470512390137 2.475370407104492 
0.5076080560684204 3.880274534225464 1.1285555362701416 
1.8155912160873413 0.10828499495983124 2.8837411403656006 
1.3945766687393188 1.3317029476165771 4.071014881134033 
0.29373276233673096 4.022378921508789 0.06425626575946808 
1.2861411571502686 0.0754745677113533 4.777387619018555 
1.3990302085876465 2.3006789684295654 2.927276611328125 
0.5876026153564453 0.4349004626274109 5.804811954498291 
0.9149465560913086 1.741145372390747 4.834425449371338 
1.9473347663879395 1.2702584266662598 0.7751831412315369 
1.7315444946289062 1.4439170360565186 2.5637824535369873 
0.454506516456604 2.011909008026123 5.144143104553223 
1.1215510368347168 0.0862075537443161 5.125624179840088 
1.8284984827041626 0.6505997180938721 2.6696853637695312 
1.5980714559555054 2.560985565185547 0.7754154205322266 
1.5034452676773071 0.7165783047676086 4.072665214538574 
1.2090715169906616 2.5711135864257812 3.2244155406951904 
1.061030626296997 1.833835482597351 4.489699363708496 
2.0195579528808594 0.7851570248603821 0.10815491527318954 
1.4294253587722778 2.765995502471924 1.5814976692199707 
1.05237877368927 2.7866666316986084 3.2465174198150635 
1.023612380027771 3.530292510986328 0.5775076746940613 
1.409181833267212 0.060686346143484116 4.462580680847168 
0.8721796274185181 3.605165958404541 1.3096086978912354 
0.09453362226486206 1.375458836555481 5.715916156768799 
1.9875097274780273 0.08383572846651077 1.6931676864624023 
0.5549349188804626 3.9243500232696533 0.0769680067896843 
1.6378774642944336 2.3840785026550293 1.1703540086746216 
0.9001438021659851 3.684577465057373 0.5856738090515137 
0.1286451369524002 3.1909098625183105 3.7698655128479004 
0.9119129180908203 0.6557522416114807 5.395464897155762 
0.14652115106582642 4.017091274261475 0.817057192325592 
0.09443460404872894 1.675766110420227 5.539346218109131 
2.0482232570648193 0.06822456419467926 0.6477532386779785 
0.5328612327575684 2.6179111003875732 4.428681373596191 
1.9841704368591309 0.8421449661254883 1.0481175184249878 
1.2125444412231445 3.0795156955718994 1.8900632858276367 
1.6582342386245728 2.0374386310577393 2.0274429321289062 
0.6553723216056824 0.9591967463493347 5.6099138259887695 
1.4222804307937622 2.9648618698120117 0.06324502825737 
1.2789254188537598 2.735761880874634 2.5634284019470215 
1.2734158039093018 1.6204917430877686 4.176860809326172 
0.6132680177688599 3.4503283500671387 2.7953367233276367 
1.4238494634628296 1.6487106084823608 3.7239468097686768 
1.4598584175109863 2.573307514190674 2.0163280963897705 
1.0770256519317627 3.485273599624634 0.22172914445400238 
1.322603702545166 2.007455587387085 3.649749517440796 
1.490262746810913 2.586496114730835 1.779550552368164 
0.4260767102241516 0.6001458168029785 5.907670497894287 
0.7334510087966919 3.6929397583007812 1.498721957206726 
1.7100805044174194 1.2276188135147095 2.932161569595337 
1.8568753004074097 1.797324538230896 0.2736385762691498 
0.5341786742210388 3.120471239089966 3.630492687225342 
0.5952646136283875 1.851912021636963 5.156103610992432 
0.2614505887031555 0.3534036874771118 6.002648830413818 
1.2047063112258911 0.6174021363258362 4.8879594802856445 
1.9196476936340332 0.20596830546855927 2.2300779819488525 
1.6202958822250366 1.6031616926193237 2.9603970050811768 
0.33204132318496704 3.6038436889648438 2.7708747386932373 
1.6338775157928467 0.06194663047790527 3.7310080528259277 
1.1162315607070923 2.9988269805908203 2.567772388458252 
0.3161607086658478 2.544875383377075 4.683168888092041 
1.6333820819854736 0.5190038084983826 3.7321951389312744 
0.2595369219779968 1.874660849571228 5.361384868621826 
0.09605502337217331 1.9082489013671875 5.376813888549805 
0.42814570665359497 2.9078447818756104 4.105382442474365 
0.09835393726825714 0.935653567314148 5.910849094390869 
0.7036225199699402 1.2811880111694336 5.432190895080566 
0.42745333909988403 1.425183892250061 5.576079368591309 
0.5611218214035034 0.0894247367978096 5.861356735229492 
1.5570099353790283 0.9556844830513 3.7889795303344727 
1.1238415241241455 0.9502055048942566 4.980780124664307 
1.48928701877594 2.781374216079712 0.8793718218803406 
1.1976021528244019 3.2993452548980713 0.7985866665840149 
0.5245495438575745 3.7415013313293457 1.90390944480896 
0.8403719663619995 3.727173089981079 0.0695061981678009 
1.3098034858703613 3.164597749710083 0.06661339849233627 
1.2312942743301392 3.2692112922668457 0.511698842048645 
1.701948642730713 0.7271654605865479 3.2922472953796387 
0.7840554714202881 2.0489866733551025 4.770408630371094 
1.1933605670928955 2.250333070755005 3.7142019271850586 
