5.502974967305785E-7 6.843140341494802E-6 6.001125804356072 
0.8299745896194821 0.8551322026336156 2.64955295270659 
0.7840443316467012 0.010520635737613804 4.511958495875508 
0.17111687117356988 0.8618001294211766 3.966380058746736 
0.8625672647880581 0.7784807285475575 2.8545059990453723 
0.6585879040789612 0.031198676481088927 5.353603641678321 
0.08999586169418783 0.7560032548674147 4.525801083031285 
0.8021390371383349 0.8055226119615733 2.8542505424422733 
0.7561070858459571 0.7784807285475575 3.226767688065612 
0.7114955061817096 0.8046557633119902 3.4249656490756317 
0.7547458545585597 0.2508805643481085 4.265221960352795 
0.6308011022704527 0.023690405561878125 5.561942101742003 
0.857903089469439 0.7287050307362286 3.179365406314255 
0.08856451936403326 0.0182793594069815 5.827158591683897 
0.6850064387729269 0.653447113140365 4.637218194032567 
0.15870248780079826 0.22782962535539103 5.266609243294225 
0.687331439778453 0.8141677139559241 3.5655644926281713 
0.8023343199802647 0.707277429222239 3.5098362434976185 
0.20119822003141632 0.8185679223075556 3.9802838247099874 
0.9092129353075867 0.653447113140365 3.8443141188086614 
0.7337196600422954 0.7828030840632412 3.358945070500774 
0.05827482687780981 6.843140341494802E-6 5.912502901000358 
0.6577521574361019 0.8167414132521142 3.7761951149422814 
0.2414913958446407 0.8433360229300386 3.892597727733044 
0.7821847883083558 0.24644137410980707 4.109872287166242 
0.8503988718581628 0.0582680422961087 4.2225643368051085 
0.7522163097823618 0.8268339135002353 3.056781471809917 
0.7941666797240579 0.8416603866591416 2.7855919469926484 
0.06150888573422907 0.18597326953236257 5.546263501903537 
0.1525525905988077 0.8055226119615733 4.122854376539652 
0.08845334335159963 0.20485064730098118 5.459610326031734 
0.08845334335159963 0.8160843262477129 4.227937729826685 
0.20123288340124018 0.16435430161245462 5.28023490538862 
0.6987387752464963 0.7515727589619869 3.882339469474205 
0.17475160850793212 0.7011917072171134 4.728518643449192 
0.16706406000315877 0.6599297972405271 5.062951558481916 
0.060277895725660224 0.7360197768390139 4.734035730547695 
0.7114955061817096 0.6984230083182775 4.116929671064108 
0.6403764990579769 0.6803702130852489 4.749966805394241 
0.7311765321499675 0.7081068606033468 3.8762667115746487 
5.502974967305785E-7 0.12508670678807066 5.780982347189863 
0.6659972009324011 0.10491744866633546 5.153248449578784 
0.7119653212496684 0.03176816287027767 4.953820422542837 
0.2212323034408552 0.7491472164902367 4.317627534642206 
0.804079328930524 0.1070493083582224 4.2292272405022375 
0.00560322295456428 0.6684572222409011 5.315881379076403 
0.7236430310524073 0.1430320848997253 4.633223172908709 
0.161774759883823 0.7784807285475575 4.223911808728874 
0.6588165410659722 0.7498571609877546 4.113267631871173 
0.024940728792610667 0.7287212301017572 4.84186999725712 
0.804079328930524 0.21655609334908443 4.018524874169941 
0.7277211637417766 0.7341240391492339 3.72896680332852 
0.16680281403843342 0.08893161074109063 5.5174948203154015 
0.14068315993441116 0.05324761354898737 5.645289589290276 
0.24205229254427302 0.7551079901495931 4.267889495833255 
0.7547458545585597 0.7360197768390139 3.506639015953645 
0.6594295880551742 0.6468901856053998 4.903278544121883 
0.2010955367544065 2.749411722069439E-6 5.609104016976765 
0.7388455242195663 0.0017752777357678412 4.796544859344974 
0.7852089856393765 0.8007256074343414 2.977214937954314 
0.7117830012105402 0.08042995429881283 4.860145964727509 
0.2414173660024586 0.2276360587665615 5.157567631330538 
0.16680281403843342 0.7491472164902367 4.399544631260434 
0.707318445719602 0.6762100985354609 4.296962874422167 
0.7775628016241664 0.2276360587665615 4.1882741478282375 
0.10300842448088215 0.789107481939255 4.312638124137486 
0.830005063503978 0.15506346502155383 4.053943045433665 
0.752355165478102 0.7265724377669392 3.5915455838810635 
0.659239904126858 0.7269688728212961 4.361831371135712 
0.715140507366376 0.8551473058948073 3.2786653617654387 
0.2694413330604098 0.7287212301017572 4.4560566475063625 
0.804079328930524 0.7365261684490187 3.2418858172366445 
0.7852130176659226 0.6631539953885028 4.0740782764132835 
0.06151204229189279 0.6860168510290273 5.100987416735298 
0.784658480338281 0.09843756815961817 4.336880122267457 
0.023265615890384783 0.8394058482949077 4.302286655698283 
0.16706406000315877 0.6812922134804603 4.938025978310278 
0.7522421601664673 0.03176816287027767 4.66453107739754 
0.24438933470708032 0.7937568510742897 4.043184305449757 
0.06767991612323798 0.8539714722673961 4.201507825369038 
5.502974967305785E-7 0.7525154461782906 4.773626778566797 
5.502974967305785E-7 0.1902963747701234 5.63918515031892 
0.2140432557288635 0.7935102831782413 4.068487329695919 
0.7581927653964821 0.1253605893969315 4.4404186185333785 
0.15135903277142754 0.1779154016762445 5.345050937401242 
0.029760579793744857 0.2240766113127848 5.547005337999163 
0.8297210512880133 0.01775834191134079 4.32117120341693 
0.846873746493291 0.22161377901246498 3.900173578853905 
0.07441369444346185 0.6631539953885028 5.325074522149684 
0.7445760749620152 0.17868872387327533 4.401308885007386 
0.6441005357740006 0.2276360587665615 5.151503622364574 
0.7146914020157893 0.12395266901379923 4.735877393807335 
0.7792312667102568 0.8209674279681489 2.906815077086561 
5.502974967305785E-7 0.735497089002661 4.914638858254761 
0.08144663299079392 0.7147361769919262 4.840861557155833 
0.025108796021001516 0.7725015578740593 4.554376910802978 
0.7852089856393765 0.6669834871884517 3.873504536905644 
0.7342001273460866 0.8565748037526439 3.1413117141022084 
0.8625672647880581 0.7777717637086161 2.9182529045303935 
0.2434543161810793 0.1430320848997253 5.321497208187516 
0.10924056782031366 0.24944332454946883 5.374545133007517 
0.8013741228785726 0.7830025179954387 3.042704607973086 
0.6589580244714214 0.23362081041723246 4.969310877728938 
0.659239904126858 0.7377325618899345 4.234525737745035 
0.6959372557590837 0.731549024523196 3.9643911044404336 
0.2299546016301353 0.7118983587577399 4.585590627829201 
0.6897713491425681 0.12395266901379923 4.924080279785881 
0.7821847883083558 0.7287212301017572 3.408941238164227 
0.8250130630046193 0.8267538208840093 2.7093145685693933 
0.6897713491425681 0.202306715884929 4.771812490082716 
0.7677007314038933 0.17824697652610405 4.252622597884544 
0.1912117638241565 0.24370316015286903 5.198118472810642 
0.7236430310524073 1.2314795448703508E-4 4.90727907247946 
0.023265615890384783 0.792523969519115 4.446507454785456 
0.7749992133031247 0.6921453539673996 3.713873699683077 
0.22262411677816704 0.6356249481653983 5.144873340297267 
0.8300415364376944 0.6953665026290554 3.4798088555515534 
0.11639510525598917 0.7269688728212961 4.7317623934724935 
0.060277895725660224 0.10769804236866548 5.7109929538144755 
0.24257340609305272 0.04221323661957571 5.516717465439627 
