3.941394946684485E-6 1.572251630839627E-4 1.0007072426931392 
1.0064205151636505 4.628064635600402E-4 7.218786029907736E-7 
0.013003727294497416 1.002054691660898 1.1510313155069516E-5 
0.0028470665579041275 0.9947247011145389 0.11606121178581823 
0.40047788089725916 0.6996742639628446 0.5923505375276641 
0.6516104074635655 0.6569144475535554 0.3852063668505282 
0.7179020940429518 0.687306470748757 0.13624045861169584 
0.7421781561093924 0.544710330040359 0.3911280541948346 
0.4264209665870093 0.3767635183599953 0.8230603805545202 
0.24936921682931829 0.7620044487813727 0.6011250690595897 
0.4414500393307835 0.8760198221123896 0.21173417951273887 
1.951148923912091E-5 0.2709629248437901 0.9652727067399403 
0.6116843288650458 0.30604551567630095 0.7304297031970836 
0.9397936192707691 0.3424105737614464 6.391190661693454E-5 
0.5900232320063694 0.8076594696102598 2.8564082166893918E-5 
0.10498518467104405 5.495775352990927E-5 1.0049183459783664 
0.37074206036593194 0.9128980819696122 0.19233662725393424 
0.14878751526996328 0.6763053707222514 0.7368876135813301 
0.8898948433618917 0.24832887548520702 0.3899773463501893 
0.8503238288722315 0.24397155680213398 0.4878125874448374 
0.8444040054818222 0.5400129531099103 4.1533144870662497E-7 
0.45616225809969013 0.840954780490266 0.30930006786929704 
0.8861793548264432 0.33690998570657105 0.3244249683240701 
4.873837030324863E-5 0.6768469186354624 0.7368132108415874 
0.17089178981809452 0.7823607735425208 0.6004030063793987 
0.11141019498232688 0.9698356174404603 0.22307862831042452 
0.20704493348064554 0.4409208021783384 0.8823827361753376 
0.5376371496458991 0.29204133767644486 0.7950487586875722 
0.4204435942651008 0.7741892108965226 0.4998861557385215 
0.0046166435318806915 0.43972370461828225 0.9014250968277386 
0.9542284965493764 0.1867447047702978 0.23773603160728338 
0.8721466217600105 0.4692385863438634 0.14006975850602993 
0.2994383741146469 0.9541503031230263 0.08269606560447318 
0.1400023308026028 0.25733671150708737 0.9762901074708611 
0.9584208049089542 0.2866577685541045 0.06961615225988337 
0.5062483590074021 0.8351475623303076 0.22435424365849715 
0.12543638785004596 0.984664316954843 0.1342893005918476 
0.9728248001826585 0.23828315466455915 6.665821161174782E-5 
0.9156341839641366 0.3977154394838975 0.0727665542958561 
0.034536332736961516 0.7406914578875051 0.674544996303684 
0.5563113516653175 0.38765160432791956 0.7353916217884403 
0.7384262491599336 0.09029064083919443 0.6778575696718446 
0.8690549398980154 0.01845763193366922 0.49610864544661076 
0.9562653881988596 0.23694568977245567 0.1740927754011844 
0.949351919410704 0.1347844213357718 0.3025068842282236 
0.20269899727066115 0.9826793200115204 6.516482506733589E-5 
0.3255098419493391 0.8015203618507201 0.5093606036040624 
0.6291937440696691 0.7765055896431214 0.08264559064048117 
0.7722733628477269 0.6357429031886915 4.618820239302678E-5 
0.5952282251986111 0.7075542484856705 0.38242247935039864 
0.244982372157618 0.8955559651294162 0.3865323310832834 
0.556624398809283 0.12857588264870357 0.8210118044150153 
0.08319474068373339 0.8220465289343681 0.5657779721060227 
0.7834775695122908 0.4213401088203001 0.4577257621144945 
0.40712502086849744 0.15448552394695741 0.9009963624175584 
0.17094429368725914 0.7238970603090675 0.669397794343552 
0.0934469834109708 0.923348852596349 0.3822086600527638 
0.8214097393132549 0.0017179374821906298 0.5709235233189257 
0.5782639797213938 0.5676136505619784 0.5957455737480247 
0.5241386458653211 0.4631018073647366 0.7152250176672442 
1.1872103385931741E-4 0.6104842353821351 0.7932937558383638 
0.9950058354438942 0.14046564576412618 0.07942634699081057 
0.6774562985986088 0.1736106939737759 0.7151541806021893 
0.4923533508160599 0.6630837647927302 0.5697879506507788 
0.7646346281557718 5.728334273887119E-5 0.6459948873796232 
0.19799292119280773 0.9064326328680475 0.3754625925296374 
0.8356006868927046 0.08154782937820107 0.543933343268735 
0.08043975827595344 0.6246598882138186 0.7773312426445959 
0.23843132672288161 0.5877031399318271 0.779462899416322 
0.5649385905829629 0.7730463085295284 0.30191129494038904 
0.7526244033097905 0.5861482962831818 0.30079894284518294 
0.18853530776842078 0.8514295669734839 0.4910508650684325 
0.6227625908785807 0.7403231709396565 0.2559417845926016 
0.9221181509129229 3.496243647097825E-4 0.39176536773909143 
0.9185981087256865 0.36080326585361566 0.16278025357840686 
0.7545517936178346 0.2864890334832545 0.5932825299066629 
0.3732596427414218 0.4805627761464739 0.7965013535137058 
0.38543281394722795 0.9231771604945352 3.789384443543324E-7 
0.31188882943236074 0.30056632998462096 0.9364432275698545 
0.8022309216703253 0.5887851407569797 0.1094378896201496 
0.22240022073304794 0.9616042947957938 0.16279221896875426 
0.9977502214263261 0.01206849721367184 0.08450594261693088 
0.39721337269205526 0.004601453259175717 0.9244819983157404 
0.10106896225183544 0.9986615610470295 4.968140253750992E-7 
0.9812611714076341 0.10748229122080906 0.1628157176596237 
0.8197676622935445 0.5291237565592329 0.23601984190275943 
0.4378902824934903 0.9038068123823562 0.02730675133543602 
0.002797068975272998 0.9772562544071282 0.21879442255772666 
0.03732921225034365 0.13171583046230598 0.9915244717164077 
0.47135084120001736 3.2389208207890356E-4 0.8839760871441891 
0.06367837308283925 0.29757758853139876 0.9531284491286393 
0.13426117680758148 0.15730862244921007 0.9837140808428232 
1.6327404873551032E-4 0.839583598287716 0.5439418658142204 
0.4833659554395206 0.12217213583504812 0.8771186436320442 
0.33599349903715753 0.16882473190452438 0.9281044472314425 
0.9877775599149695 3.986398085791454E-5 0.16292250088170798 
0.22981001977122148 0.526166402030009 0.8191938205374337 
0.0974444767507404 0.46357968252242554 0.8839835684283627 
0.3501263686683848 0.645473048853218 0.6897433192008346 
0.7200286190257322 0.2012324662053976 0.6645608526889742 
0.438943940865594 0.6045643790056413 0.7029381503285851 
0.5710749617453083 2.1777147808377094E-4 0.8217347193953005 
0.6810399891928218 0.31257339595817535 0.6635888016998914 
0.2688008469707726 0.005972956406918709 0.9665371541488319 
0.2485221965200194 0.0879457507492591 0.9653561455952222 
0.9967490920848352 0.12482844930517278 1.8446156190580223E-7 
6.658443685989166E-5 0.9246815319693039 0.38244625010940037 
0.6850503825570752 0.6705032644165028 0.2976067486811324 
0.012312517115129205 0.9487907014622742 0.3219498074785084 
0.7464617882379666 0.34259970017192753 0.5711201821878182 
0.0025475592705400943 0.8900811001148721 0.45809826020471134 
0.7305674600237666 0.46012870761478664 0.5114754115045113 
0.6481472262759866 0.47270316068113094 0.6000354864804414 
0.9159303802183294 0.13600119365234353 0.3813466575643904 
0.4579010567363145 0.8051628082778738 0.38556791133138 
0.9391854297221212 4.4473605497195276E-4 0.3442109758147842 
0.6782937567216247 2.966635465274563E-4 0.7353837958155709 
0.5761751111705958 0.6802504464960523 0.46133915859385877 
0.26463196592647364 0.3458190283382715 0.9010066212850082 
0.829744163031106 0.3129078827371608 0.47476347303300853 
