3.541404890786815E-7 3.5414048907868147E-7 0.9999999999998745 
1.6615816803688979 0.7642176098544832 7.225023827618758E-9 
0.5933703921877326 0.5933703921877325 0.5438962726016359 
0.7680161315536898 1.348246085699368 3.862928861596689E-8 
0.5747651234576968 0.5747651234576967 0.5824861420783479 
0.866341815081153 0.7239385616045513 5.9332359170747486E-8 
0.5114341636648498 0.5114341636648497 0.6905578849545281 
0.4680775097118357 0.46807750971183565 0.749537784106934 
0.21497327401239885 0.21497327401239882 0.952666249491804 
0.6190276350285641 0.619027635028564 0.4833317433625542 
0.051582229650406125 0.05158222965040612 0.9973357244020619 
0.7066220879846818 0.7066220879846817 0.03701958325450202 
0.6725469757301323 0.6725469757301322 0.30880597609584165 
0.707106781186538 0.7071067811865379 1.636744684990186E-7 
0.7051607364256174 0.7051607364256173 0.0741395414563782 
0.7027059882475949 0.7027059882475948 0.11139384256745083 
0.6376391846329781 0.637639184632978 0.4322412988611593 
0.2665688815252876 0.26656888152528757 0.9262192304226438 
0.34594654662090457 0.3459465466209045 0.8721479081911168 
0.7046665615412074 0.7046665615412073 0.08300647017783414 
0.6998892480357554 0.6998892480357553 0.14251344135866525 
0.5300356224435293 0.5300356224435292 0.6619097203409247 
0.6600022973087045 0.6600022973087044 0.3588787191997667 
0.6866780934445372 0.6866780934445371 0.23863443164545872 
0.7064397967152763 0.7064397967152762 0.04342380952608914 
0.4287105229733884 0.42871052297338835 0.7952449779682784 
0.6359261195372109 0.6359261195372108 0.4372595807763279 
0.5583189191959405 0.5583189191959403 0.6136448231149301 
0.27551704549435024 0.2755170454943502 0.9209672715597055 
0.5695247765473258 0.5695247765473257 0.5926913680807552 
0.6991940754888518 0.6991940754888517 0.14918206863621314 
0.6666655323721975 0.6666655323721974 0.33333787047647184 
0.09033659177206842 0.0903365917720684 0.991805727133098 
0.6307820041590054 0.6307820041590053 0.4519160612971142 
0.42365921929937805 0.42365921929937794 0.8006408257173019 
0.5515015068898809 0.5515015068898808 0.6258531583337912 
0.6857052971907744 0.6857052971907743 0.2441648844715873 
0.15984996729078196 0.15984996729078194 0.9741129174352796 
0.19016939404750746 0.19016939404750743 0.9631568943506597 
0.3235408118584141 0.32354081185841405 0.8891809074221042 
0.1678415497097985 0.16784154970979848 0.9714208297035979 
0.12374393814636511 0.12374393814636508 0.9845683701724615 
0.605778006642027 0.605778006642027 0.5158158715448999 
0.615379363304601 0.6153793633046009 0.4925611418267259 
0.506223257544787 0.5062232575447869 0.6981948345852241 
0.3530010669679615 0.35300106696796146 0.8664759047076621 
0.7036095148628851 0.703609514862885 0.09933429009577228 
0.6485759744690771 0.648575974469077 0.39836969096929825 
0.22149381116359956 0.2214938111635995 0.9496741458165782 
0.6903015046078566 0.6903015046078564 0.21672024702888085 
0.2588969502296824 0.25889695022968234 0.9305615177534147 
0.641842952940911 0.6418429529409109 0.41961321180366007 
0.09852547085756003 0.09852547085756 0.9902451530730116 
0.13180258623137436 0.13180258623137434 0.9824745068068903 
0.7013231922103542 0.7013231922103541 0.1276383960090275 
0.6820473151769967 0.6820473151769967 0.2638615540765671 
0.17454804651950584 0.1745480465195058 0.969054156852159 
0.0783522708572315 0.07835227085723148 0.9938419609289145 
0.14290398862477122 0.1429039886247712 0.9793655599776125 
0.665152863123617 0.6651528631236169 0.3393277727462194 
0.6705432026640687 0.6705432026640686 0.3174013653436724 
0.18329033163545097 0.18329033163545094 0.9658205364652032 
0.7070966484682548 0.7070966484682547 0.005353452150039878 
0.6523719141141576 0.6523719141141575 0.3857742492054913 
0.6687750642290891 0.668775064229089 0.32477658002195275 
0.6228492041307192 0.6228492041307191 0.47341074959009904 
0.6010019163483672 0.6010019163483671 0.5268713249847446 
0.28309704148593395 0.2830970414859339 0.9163580796849138 
0.1104410402242621 0.11044104022426209 0.9877274691271707 
0.5387988389317333 0.5387988389317332 0.6476045261821696 
0.4031490772442225 0.40314907724422244 0.8215483205717506 
0.6932846142298658 0.6932846142298656 0.19675590802893975 
0.36426108402657026 0.3642610840265702 0.8571042674771698 
0.5896508283768367 0.5896508283768367 0.5519273513688377 
0.6779859103790881 0.677985910379088 0.2840250176566819 
0.44031917675571647 0.4403191767557164 0.7824564174203802 
0.2297252779271525 0.22972527792715247 0.9457550387719778 
0.6465305636897323 0.6465305636897322 0.40496476443028256 
0.6255474950577516 0.6255474950577515 0.4662409922496567 
0.4903873703405885 0.49038737034058844 0.7204446224526109 
0.31561396305795253 0.3156139630579525 0.8948606889598553 
0.6944795037670536 0.6944795037670535 0.18813941026519182 
1.1077067939580967 0.7593529962056178 3.343466357511914E-8 
0.49899823585470915 0.4989982358547091 0.7085206568814887 
0.37016891452268447 0.3701689145226844 0.852026965208376 
0.5816598910995028 0.5816598910995028 0.5686330470278957 
0.5197965489833349 0.5197965489833348 0.6779550835638236 
0.6574203423357522 0.6574203423357521 0.3682349616295076 
1.3271094647941302 0.8039860972392168 1.9203265721517357E-8 
0.7068602421653958 0.7068602421653957 0.026404471056168013 
0.6967588196995352 0.6967588196995351 0.17045320279132745 
0.05785247489173055 0.05785247489173054 0.9966474714249786 
0.3906339487373417 0.39063394873734164 0.8335527794853448 
0.3348740789089082 0.33487407890890813 0.8807489441093987 
0.4776233992920131 0.477623399292013 0.737395265035981 
0.5962570562461014 0.5962570562461013 0.5375453894821043 
0.45644676931807665 0.4564467693180766 0.763749103801884 
0.703244788674447 0.7032447886744468 0.10437209590913238 
0.7061209961020246 0.7061209961020245 0.05278520368218053 
0.7724849119014804 0.724220925060696 5.5647518893350656E-8 
0.7055573699383519 0.7055573699383518 0.06616339963568377 
0.006852527504993024 0.006852527504993022 0.9999530417642554 
0.24947261019093073 0.24947261019093067 0.9356959086845725 
0.6104021541095658 0.6104021541095657 0.5047954244214224 
0.7890988415359248 1.635775845888378 7.1746899094398994E-9 
0.6290635098357262 0.6290635098357261 0.45668172854441474 
0.38164154823786656 0.3816415482378665 0.8418428934885703 
0.6982824580233231 0.698282458023323 0.15749037314646264 
0.4461503689933948 0.4461503689933947 0.7758219489638815 
0.036777581049806655 0.03677758104980665 0.9986464935422593 
0.7069989120127848 0.7069989120127846 0.017466448565104337 
0.4131673733381308 0.4131673733381307 0.8115327739640213 
0.022649783811925568 0.02264978381192556 0.9994868556347032 
0.5642039307189115 0.5642039307189114 0.6027834180886693 
0.6886568394820382 0.688656839482038 0.22694385840824297 
0.46483851216198324 0.4648385121619832 0.7535584351741194 
0.07139900370680698 0.07139900370680696 0.9948891217313368 
0.5473365184498213 0.5473365184498212 0.6331235828354974 
0.5858732369996212 0.5858732369996211 0.5599152617451784 
0.6838596224537237 0.6838596224537236 0.2543069671772706 
