0.038429826498031616 0.03649750351905823 6.0148186683654785 
0.26159074902534485 3.9919161796569824 0.029374927282333374 
2.0260396003723145 0.035436637699604034 0.037179239094257355 
1.9934695959091187 0.03708204627037048 1.1902412176132202 
0.023868514224886894 2.7435152530670166 4.39991569519043 
0.04660253971815109 1.7357220649719238 5.465412616729736 
1.7068268060684204 0.029731927439570427 3.2367143630981445 
1.4742937088012695 2.8211872577667236 0.04228833317756653 
0.5368579030036926 0.3000619113445282 5.8524980545043945 
0.05806864798069 3.949352741241455 1.318273901939392 
1.24217689037323 3.2228362560272217 0.04286699742078781 
0.8355627655982971 3.6971325874328613 0.09959094971418381 
0.6099739074707031 0.8851379752159119 5.621151447296143 
0.9919431209564209 0.025028567761182785 5.265122890472412 
0.5343126058578491 0.05909949541091919 5.872188091278076 
0.26418256759643555 2.6210997104644775 4.606916427612305 
1.587424635887146 2.5083022117614746 0.06301908940076828 
1.2576878070831299 3.069959878921509 1.1558951139450073 
0.05655346065759659 1.1756644248962402 5.787972450256348 
1.1721879243850708 0.02455959841609001 4.916795253753662 
1.2524263858795166 3.153562068939209 0.674297034740448 
0.6445014476776123 3.8135311603546143 0.5314878821372986 
1.0863800048828125 2.7595787048339844 2.9874374866485596 
0.03324471414089203 2.2154576778411865 5.042852878570557 
1.536991000175476 0.39368703961372375 3.950770139694214 
0.17194248735904694 2.056654214859009 5.188108444213867 
1.2022428512573242 2.3095903396606445 3.436929225921631 
1.6555153131484985 1.6077439785003662 2.6453301906585693 
0.05071011185646057 3.638256788253784 2.6024012565612793 
1.9477330446243286 0.5544329285621643 1.5397683382034302 
1.6460765600204468 2.330214023590088 1.1382665634155273 
1.5257933139801025 0.6177142262458801 3.8992886543273926 
1.2140363454818726 3.065023899078369 1.6682065725326538 
1.3751877546310425 0.3708994686603546 4.40345573425293 
1.1007450819015503 3.2672250270843506 1.4247180223464966 
1.7366284132003784 0.8074696660041809 2.888402223587036 
0.5760225057601929 3.187779426574707 3.2674975395202637 
1.898104190826416 1.0397863388061523 1.6825480461120605 
0.4928891658782959 1.7447762489318848 5.360982418060303 
0.6547096371650696 3.6283340454101562 1.8387222290039062 
0.05404175817966461 0.5721138715744019 5.9810614585876465 
0.7059571146965027 3.675309896469116 1.4871792793273926 
0.5039178729057312 1.1363518238067627 5.622953414916992 
0.5085512399673462 2.900484800338745 3.9777302742004395 
0.2599480152130127 3.9434285163879395 1.2867048978805542 
1.389180064201355 1.6963438987731934 3.6647260189056396 
1.5363179445266724 2.0839855670928955 2.4897706508636475 
1.510637879371643 0.03316015750169754 4.0345869064331055 
0.3490030765533447 3.482597589492798 3.0731332302093506 
1.312441349029541 2.518791675567627 2.647486686706543 
1.1149221658706665 1.3616039752960205 4.639432430267334 
0.3892967104911804 2.2093276977539062 4.918015956878662 
1.644319772720337 1.307010531425476 2.9986863136291504 
0.09384801238775253 3.894420623779297 1.6836514472961426 
0.6428551077842712 3.823084831237793 0.030634570866823196 
1.8632206916809082 1.0686230659484863 2.2238311767578125 
0.8020496964454651 3.646345615386963 1.0602726936340332 
1.1399186849594116 1.7385905981063843 4.35172700881958 
1.5978955030441284 1.1640154123306274 3.4097211360931396 
0.07534792274236679 4.023366451263428 0.38207027316093445 
2.0068929195404053 0.35753729939460754 0.7246769666671753 
0.7346438765525818 0.5410126447677612 5.61570930480957 
1.839921474456787 1.7182221412658691 0.039946794509887695 
1.8561738729476929 0.5605636239051819 2.316924571990967 
0.8889117240905762 3.635079860687256 0.5716975927352905 
1.000567078590393 3.048963785171509 2.694079875946045 
0.5461249947547913 2.524977684020996 4.470085620880127 
0.3555638790130615 3.735194683074951 2.204648971557617 
1.0062922239303589 1.9366555213928223 4.426032543182373 
1.8256371021270752 0.03890959173440933 2.6707193851470947 
0.8715296983718872 1.6698977947235107 4.852426528930664 
1.8772900104522705 1.4214814901351929 1.2539663314819336 
1.996059536933899 0.6834420561790466 1.053922414779663 
1.9722540378570557 0.8666255474090576 0.7259128093719482 
1.2530289888381958 0.6189252734184265 4.711296081542969 
0.574181079864502 1.3074805736541748 5.4698944091796875 
1.0983551740646362 3.4234066009521484 0.047832269221544266 
0.43188440799713135 2.4602255821228027 4.642660617828369 
0.7851021885871887 1.7800389528274536 4.950536727905273 
0.8375646471977234 0.022125523537397385 5.489163398742676 
1.4080824851989746 2.032412052154541 3.1482157707214355 
1.6364307403564453 0.8065971732139587 3.396552085876465 
0.8213975429534912 2.1314196586608887 4.547167778015137 
0.2776780426502228 1.407486081123352 5.631875514984131 
1.4629648923873901 2.788224220275879 0.9311703443527222 
1.5462669134140015 2.300436496734619 2.013878583908081 
1.7274081707000732 2.0431714057922363 1.064301609992981 
0.3732588291168213 0.12288539111614227 5.961472034454346 
0.9160259962081909 0.9083039164543152 5.301426887512207 
0.631237804889679 3.784616708755493 1.0664247274398804 
1.7433273792266846 1.3331570625305176 2.4539968967437744 
1.2108310461044312 2.8945395946502686 2.278745412826538 
1.6498225927352905 2.3260092735290527 0.5596432089805603 
0.9903109669685364 2.4430618286132812 3.829850196838379 
1.5293349027633667 2.6284167766571045 0.6553123593330383 
0.34684130549430847 3.962455987930298 0.5665777921676636 
1.3619366884231567 1.2289944887161255 4.1574320793151855 
1.9005165100097656 0.39995014667510986 2.0062406063079834 
0.2604706883430481 3.5922229290008545 2.6071910858154297 
1.8464959859848022 1.6713823080062866 0.6730653643608093 
1.3527129888534546 2.819533109664917 1.8772355318069458 
0.04021020233631134 3.28828763961792 3.4979798793792725 
0.1791868656873703 0.9575634598731995 5.876285552978516 
0.9982642531394958 2.220197916030884 4.133999347686768 
1.572007656097412 2.38283109664917 1.6595877408981323 
1.883087158203125 0.03080594167113304 2.190704345703125 
1.2250967025756836 1.768635869026184 4.017557144165039 
0.6593311429023743 3.0162911415100098 3.515495777130127 
1.8064996004104614 1.3783490657806396 2.031071424484253 
1.492345929145813 2.5601446628570557 1.664238452911377 
0.9768122434616089 0.4672980308532715 5.274886608123779 
2.0023603439331055 0.7642739415168762 0.12183331698179245 
0.15814998745918274 3.320707082748413 3.4420883655548096 
1.8272954225540161 1.783737301826477 1.2769962549209595 
1.012749195098877 0.4623958468437195 5.219687461853027 
0.22600656747817993 0.41496968269348145 5.969101428985596 
0.8268287777900696 3.3959786891937256 2.2003331184387207 
1.929689884185791 1.2977572679519653 0.050539884716272354 
0.7990555167198181 3.1281232833862305 3.0901296138763428 
1.1969863176345825 0.8627117276191711 4.75063943862915 
