0.0765405222773552 0.2684946358203888 6.057019233703613 
2.051279306411743 0.147688627243042 0.06928032636642456 
0.14664965867996216 4.051643371582031 0.08463427424430847 
0.20642633736133575 1.9050054550170898 5.374098777770996 
1.7958648204803467 1.9863313436508179 0.5142343044281006 
1.6834944486618042 1.1423097848892212 3.1485087871551514 
0.34602266550064087 3.9609429836273193 1.0793086290359497 
1.4512251615524292 0.10098883509635925 4.342265605926514 
0.5584325790405273 1.463560700416565 5.458889484405518 
0.5314253568649292 0.06539076566696167 5.876955509185791 
0.4374426305294037 3.978031635284424 0.08446267247200012 
0.8881828188896179 2.998767852783203 3.2733049392700195 
0.8749560117721558 3.7046093940734863 0.07258845120668411 
0.6386953592300415 3.8814656734466553 0.07231954485177994 
0.8034080266952515 3.598618984222412 1.865841269493103 
0.4983051121234894 2.30029296875 4.835597038269043 
1.7876701354980469 2.066708564758301 0.12738719582557678 
0.12094637751579285 3.275797128677368 3.6032402515411377 
0.4190235137939453 1.5058305263519287 5.532909870147705 
0.7672064304351807 0.3736459016799927 5.634835720062256 
1.632551670074463 0.4953429102897644 3.6689722537994385 
0.9124392867088318 0.9807524085044861 5.337935924530029 
1.9014883041381836 0.6610956788063049 2.1776926517486572 
0.8017966151237488 0.7315846085548401 5.54079008102417 
0.10519209504127502 2.6252877712249756 4.643009662628174 
1.4765903949737549 2.575922727584839 1.894381046295166 
1.0576330423355103 2.863896608352661 3.1142356395721436 
0.6072204113006592 3.754815101623535 1.6302554607391357 
0.811476469039917 3.6807897090911865 1.1611837148666382 
1.1893155574798584 0.08595960587263107 4.993288516998291 
0.3674909174442291 3.086592435836792 3.8476643562316895 
1.9724420309066772 0.6101381778717041 1.5029553174972534 
0.5217208862304688 2.8657195568084717 4.099690914154053 
1.3167970180511475 0.6325255036354065 4.686495304107666 
0.5928251147270203 1.8316987752914429 5.200374126434326 
1.3984630107879639 3.0190141201019287 0.07234732806682587 
1.424432396888733 2.8898322582244873 1.0736637115478516 
0.11764112114906311 2.3185184001922607 5.0106587409973145 
1.8529279232025146 1.542332410812378 1.4077297449111938 
0.4143184423446655 1.1334924697875977 5.726296424865723 
1.5917046070098877 1.8359980583190918 2.794005870819092 
1.0207674503326416 3.5612473487854004 0.09056434035301208 
1.6314257383346558 2.5156404972076416 0.07215382158756256 
1.557172417640686 1.1098405122756958 3.675778865814209 
1.9620078802108765 0.9987390041351318 1.154130458831787 
0.7269241809844971 1.1143463850021362 5.480937957763672 
1.5008459091186523 1.8741997480392456 3.1558172702789307 
0.4565679430961609 2.6885154247283936 4.40755558013916 
2.0334742069244385 0.07801507413387299 0.8813813328742981 
1.0091331005096436 3.5307822227478027 0.9689505696296692 
0.49607864022254944 3.664996862411499 2.266511917114258 
1.2697032690048218 2.9536564350128174 1.9852607250213623 
0.6354076862335205 3.8618645668029785 0.6542640924453735 
0.12034989893436432 2.9928090572357178 4.13535737991333 
1.3368346691131592 0.0884421095252037 4.651280879974365 
1.1353662014007568 3.4008467197418213 0.7531923651695251 
0.14160259068012238 3.9745373725891113 1.2151180505752563 
1.646198034286499 0.06495030224323273 3.674865484237671 
1.3613001108169556 3.055459499359131 0.6085920333862305 
1.546586513519287 2.6513073444366455 0.9097226858139038 
2.040996789932251 0.46666863560676575 0.06724885106086731 
0.43193304538726807 3.1429429054260254 3.691984176635742 
0.7725161910057068 2.6411237716674805 4.106502056121826 
1.8125114440917969 1.23899245262146 2.3171792030334473 
1.326355218887329 0.8870630860328674 4.5019211769104 
0.5491193532943726 3.866506576538086 1.1322660446166992 
1.7314038276672363 2.0254921913146973 1.509432077407837 
0.9210205674171448 0.16491402685642242 5.459634780883789 
1.3102346658706665 3.0677473545074463 1.1875386238098145 
0.9127418398857117 3.63615083694458 0.7196595668792725 
0.14248570799827576 3.81974196434021 2.067121982574463 
1.772275447845459 0.13317570090293884 3.106327772140503 
1.8770791292190552 0.2167658805847168 2.5597732067108154 
0.990486204624176 3.342372417449951 1.9852442741394043 
1.9945545196533203 0.14720892906188965 1.4705126285552979 
0.7072674632072449 0.0743977278470993 5.720486164093018 
1.1875793933868408 3.225475788116455 1.495681881904602 
0.22737319767475128 1.0303736925125122 5.856417655944824 
1.0144308805465698 2.585888385772705 3.699237823486328 
0.7154882550239563 2.4040474891662598 4.475625991821289 
1.0744426250457764 2.2144551277160645 4.070777893066406 
0.20921921730041504 2.5917325019836426 4.686380386352539 
1.2097396850585938 2.858975410461426 2.5806925296783447 
1.154640793800354 1.7350391149520874 4.377597332000732 
0.303844690322876 3.7652997970581055 2.181166410446167 
0.998406171798706 1.2655452489852905 5.037825584411621 
1.9279167652130127 0.9802406430244446 1.6287486553192139 
0.2210642695426941 3.4592833518981934 3.187966823577881 
1.4662691354751587 2.5143306255340576 2.178278923034668 
0.2777552306652069 0.06693147122859955 6.018271446228027 
1.3585067987442017 2.0309343338012695 3.529843330383301 
0.34131136536598206 3.8811402320861816 1.5593030452728271 
1.5455379486083984 2.7185800075531006 0.09056375920772552 
1.5802280902862549 2.541557788848877 1.1307294368743896 
0.13870933651924133 4.0307111740112305 0.674537181854248 
0.2707347869873047 3.679246664047241 2.555537700653076 
0.8081496953964233 1.8806811571121216 4.917883396148682 
1.9548311233520508 0.25092989206314087 1.9053400754928589 
0.592304527759552 3.2437453269958496 3.3566009998321533 
1.7819788455963135 1.5659064054489136 2.0744614601135254 
0.7801318168640137 2.880553960800171 3.6995410919189453 
0.24390551447868347 0.2989174425601959 6.016213893890381 
0.08041244745254517 1.3281879425048828 5.737407684326172 
1.2809656858444214 3.218114137649536 0.07786373794078827 
0.9425069093704224 2.1638193130493164 4.409084320068359 
0.1237870454788208 3.478036880493164 3.1513590812683105 
1.3159077167510986 1.300233244895935 4.319873332977295 
0.09366291761398315 0.6432512402534485 5.99503755569458 
0.4555148184299469 3.956480026245117 0.6086629629135132 
0.917521059513092 2.465996265411377 4.073714256286621 
0.5877490043640137 1.0239523649215698 5.670636177062988 
1.4699515104293823 2.205951452255249 2.7877352237701416 
1.0930062532424927 1.3604296445846558 4.7891316413879395 
0.5185556411743164 3.4634857177734375 2.8702304363250732 
1.4634569883346558 1.4466516971588135 3.77341628074646 
1.1916792392730713 1.9716206789016724 4.111412048339844 
1.8041235208511353 0.44324028491973877 2.89377498626709 
1.5580307245254517 0.14166542887687683 4.00397253036499 
2.003300666809082 0.9443314075469971 0.12233270704746246 
1.9104690551757812 1.5767873525619507 0.1215248554944992 
