0.04223126918077469 0.3508562445640564 6.0144829750061035 
2.0196635723114014 0.40545859932899475 0.21400588750839233 
0.16893018782138824 4.020176887512207 0.26805490255355835 
0.16066233813762665 0.04508749768137932 6.00443696975708 
1.2840701341629028 3.1378862857818604 0.2610728144645691 
0.669829249382019 2.1837451457977295 4.705171585083008 
1.553704023361206 1.8951584100723267 2.682537317276001 
0.5673233270645142 2.9310598373413086 3.8196442127227783 
1.751218318939209 0.45228567719459534 3.1034984588623047 
1.907732605934143 0.13917356729507446 2.1003854274749756 
0.6865139603614807 3.8138976097106934 0.27782273292541504 
1.8117679357528687 1.7612484693527222 0.7787681221961975 
0.10805100202560425 3.3785645961761475 3.266716241836548 
1.1710296869277954 0.3136395215988159 4.9476847648620605 
0.5927479267120361 1.0387787818908691 5.595998287200928 
0.09579692035913467 2.8520772457122803 4.254354000091553 
1.4479719400405884 2.713714838027954 1.3049569129943848 
1.3414745330810547 2.362273693084717 2.8703994750976562 
0.3120807409286499 3.9136962890625 1.1320143938064575 
0.22330009937286377 2.796053647994995 4.32514762878418 
0.07843242585659027 2.050525426864624 5.191246032714844 
1.87484610080719 0.6800693273544312 2.152860641479492 
0.6233852505683899 1.6487542390823364 5.252837181091309 
1.9407814741134644 1.1757410764694214 0.2642296254634857 
1.452013611793518 2.066304922103882 2.948974847793579 
1.9619874954223633 0.8072682619094849 0.9010345935821533 
0.042684465646743774 0.726528525352478 5.9303975105285645 
1.33888840675354 1.97166907787323 3.4934091567993164 
1.0419176816940308 2.267575263977051 3.936582565307617 
1.8170431852340698 1.1834174394607544 2.0776214599609375 
1.552603840827942 2.309936761856079 1.8127281665802002 
0.05010591074824333 1.1080677509307861 5.7945237159729 
0.16813842952251434 0.5276254415512085 5.958771705627441 
0.3956413269042969 2.0086817741394043 5.123157501220703 
0.48278430104255676 3.102323532104492 3.624384880065918 
1.1872087717056274 1.5920332670211792 4.295502662658691 
0.7196963429450989 0.8061320185661316 5.529419422149658 
0.25457432866096497 3.452061414718628 3.1009809970855713 
0.2010089010000229 1.7261072397232056 5.437849998474121 
1.9679393768310547 0.599578857421875 1.2895381450653076 
1.066757082939148 3.41593599319458 0.217945396900177 
1.656522274017334 2.1176416873931885 1.47848379611969 
0.8912903666496277 0.5649014711380005 5.375918865203857 
1.3822615146636963 0.5925725698471069 4.403990268707275 
0.4876539409160614 3.51015567779541 2.679610252380371 
0.30826374888420105 2.5538604259490967 4.597042560577393 
1.0553597211837769 1.3438001871109009 4.787501811981201 
0.3900226056575775 0.6112310886383057 5.872677803039551 
0.978839635848999 2.773365020751953 3.3053712844848633 
0.496361643075943 2.814967632293701 4.097782611846924 
1.5303329229354858 0.6019991040229797 3.872387170791626 
0.7729867696762085 1.9735393524169922 4.7689409255981445 
0.33778271079063416 0.09977059066295624 5.9491448402404785 
1.890566110610962 1.4579463005065918 0.329689621925354 
1.2591735124588013 2.7058401107788086 2.5368008613586426 
1.4068341255187988 1.4762201309204102 3.778717517852783 
1.4845281839370728 2.758323907852173 0.21542169153690338 
0.5249345898628235 0.05998005345463753 5.848121643066406 
1.980042815208435 0.15078161656856537 1.3176718950271606 
1.916590690612793 1.2718411684036255 0.4754704535007477 
1.4567618370056152 2.4212100505828857 2.198917865753174 
0.7795811891555786 3.700725555419922 0.8962320685386658 
1.3291267156600952 0.1115519106388092 4.60984992980957 
1.8029415607452393 0.15035957098007202 2.8226850032806396 
0.796170711517334 3.2681596279144287 2.6590023040771484 
0.40071552991867065 3.964308977127075 0.2645097076892853 
1.5901528596878052 2.520015239715576 0.5888978242874146 
0.1346067190170288 3.684178590774536 2.4562032222747803 
0.46783962845802307 1.490599513053894 5.460623741149902 
0.9706203937530518 0.14670196175575256 5.32992696762085 
1.5193415880203247 0.12613545358181 3.9898314476013184 
1.0845869779586792 3.238856792449951 1.7378219366073608 
1.3106350898742676 2.760159730911255 2.0793638229370117 
1.0466307401657104 3.4431681632995605 0.5256236791610718 
0.36724379658699036 0.43894001841545105 5.9001898765563965 
1.1708486080169678 0.7803594470024109 4.830414772033691 
0.5350446701049805 3.466752052307129 2.7049858570098877 
0.8785486817359924 1.1201635599136353 5.204616546630859 
1.6308146715164185 0.14445385336875916 3.602025270462036 
1.8932397365570068 1.051171064376831 1.677299976348877 
0.657234787940979 1.3996402025222778 5.325732707977295 
1.7836155891418457 1.9031983613967896 0.20819143950939178 
1.6710442304611206 1.5491979122161865 2.580333948135376 
1.808551549911499 0.6667342185974121 2.582782506942749 
1.709423303604126 1.646255612373352 2.17463755607605 
0.4735884368419647 2.3753600120544434 4.69996452331543 
1.1590052843093872 0.11817888915538788 4.963767051696777 
1.711191177368164 1.0139219760894775 2.8749756813049316 
1.1188178062438965 2.4577999114990234 3.47200608253479 
0.9984605312347412 0.7131850123405457 5.182668209075928 
0.24162834882736206 3.0851683616638184 3.825200319290161 
2.012979507446289 0.6190013289451599 0.23937882483005524 
0.3318273425102234 1.4893977642059326 5.549948215484619 
1.1678482294082642 1.9979767799377441 4.004329204559326 
2.0060646533966064 0.14745572209358215 0.7824943661689758 
0.7294677495956421 0.09973181784152985 5.681061267852783 
0.09424978494644165 2.6570472717285156 4.537963390350342 
1.7746285200119019 1.7220563888549805 1.4942541122436523 
0.6924994587898254 2.3511109352111816 4.484412670135498 
0.3994976282119751 3.283421039581299 3.3133111000061035 
0.6298396587371826 3.7054214477539062 1.5111104249954224 
0.78877192735672 2.8835883140563965 3.5865721702575684 
0.7765242457389832 3.461700677871704 2.1430447101593018 
0.13676156103610992 3.9877240657806396 0.8145595192909241 
0.5933631062507629 3.2850747108459473 3.0848441123962402 
0.2947987914085388 3.847567558288574 1.7284802198410034 
0.12508618831634521 3.860482692718506 1.670105218887329 
1.6337145566940308 1.4613984823226929 2.8772425651550293 
1.456544280052185 2.8247644901275635 0.4869459867477417 
1.6955782175064087 0.6787590980529785 3.209158182144165 
1.2461429834365845 1.2351967096328735 4.411030292510986 
1.0969061851501465 3.1098313331604004 2.1374869346618652 
0.9472361207008362 2.107560634613037 4.336873531341553 
0.8311235904693604 3.667987823486328 0.2303287535905838 
0.9221977591514587 3.094142436981201 2.8025076389312744 
1.8566067218780518 0.38969871401786804 2.4240615367889404 
1.5649197101593018 1.05276358127594 3.5382070541381836 
0.7763593792915344 3.6329762935638428 1.3723816871643066 
0.9520331025123596 1.5346519947052002 4.89426851272583 
0.4506133794784546 3.6560230255126953 2.192298173904419 
