0.8560900575428811 0.3536745900725968 0.3828536959155283 
0.14821623987913937 0.3545645657490698 0.9258778805911355 
0.3525063331858482 0.8511389161521007 0.3948730241615795 
0.7953886869129241 0.42142531011208584 0.4361733431576305 
0.39252288790555645 0.8364856811033318 0.3827653590039076 
0.7959834337559983 0.4687500592826426 0.3832149991017873 
0.509875425255257 0.6491089840782812 0.5652390292947973 
0.4665726517236088 0.4820313029782744 0.7418432349836607 
0.8255976325282239 0.41482853591282143 0.38276743827730064 
0.6283020492104822 0.6770881324611824 0.3833671217447314 
0.39810790231997767 0.7090842446836434 0.5855377777516577 
0.6845929211791438 0.5431851284797647 0.48684272806261236 
0.32564650630258235 0.5459647695265077 0.7745075256143784 
0.37205539687415157 0.371703303436854 0.8506642344811036 
0.7589374912473246 0.5273970817738186 0.38276823552257394 
0.27223903440070707 0.6509518276210399 0.7094905011872028 
0.5294320394343233 0.22557985450744072 0.8179479742147899 
0.19330780996413116 0.4622780851020755 0.8679573473499214 
0.580769887853625 0.2919840965238411 0.7600522889161004 
0.42142050322686536 0.6726689192649246 0.6084821193712926 
0.6505575753957932 0.5229156620995905 0.5522717224052237 
0.7813143364933824 0.4106888780203061 0.4704167298158476 
0.42692697313615374 0.30717174183975465 0.8505655431447152 
0.563352606204717 0.5103995337081629 0.6497997892871434 
0.7027446086602199 0.41383019812380223 0.5802226525646165 
0.44230845695824855 0.1836944969844709 0.8784753439488635 
0.48115776497796864 0.3566717379236328 0.8010291047038192 
0.3807251450479177 0.15771969859251872 0.9118931139365747 
0.7230149489640031 0.30409782253969814 0.621674244380317 
0.6398812223559542 0.4271275526001565 0.6390561000420226 
0.47038277681611323 0.5254239487573763 0.7092348763081652 
0.4153901313221015 0.4777427774368845 0.775106576223191 
0.33633714884199895 0.8007797487633088 0.497736586819655 
0.3175823059096349 0.5805030537316824 0.7498629411695512 
0.38011178832042236 0.8060606837462603 0.45390798584918357 
0.32397012886660664 0.2992805691939005 0.8979007359784063 
0.3379948866727024 0.604857455634207 0.7228418509326545 
0.30346264407760315 0.4267683216284888 0.8536230821516366 
0.4362820623999468 0.24665849675099585 0.8679467246773581 
0.6948633049889212 0.4598776940632467 0.5543555334590045 
0.24290139687167395 0.4111690633095649 0.8786861438146518 
0.20139540211086643 0.48660352245731964 0.8506565581090758 
0.7331160301638276 0.4166758966956869 0.5398347261916879 
0.6470171374052491 0.5897130378630313 0.4877743639767244 
0.49170076192985734 0.3927299002885813 0.7777137917259418 
0.338727247468691 0.7401275688440606 0.5812498995931561 
0.6488920578033496 0.2721992195609177 0.7121820044938479 
0.6590497616907384 0.35481079624698303 0.6633359040246984 
0.4849304686460349 0.7620288832717755 0.42970030036983453 
0.7011222518927313 0.29153549048913463 0.6510290907382216 
0.439444478640916 0.7866635099056871 0.43431755443986014 
0.3023925635790311 0.7290876400053194 0.6143518993229368 
0.8281335330613706 0.3493669977743578 0.4390938922267352 
0.2940082716888784 0.700240261029216 0.6508775231407387 
0.47976424656565364 0.24999331061602717 0.8418964698026727 
0.41012914596875183 0.2161376994493126 0.8867263692513706 
0.5103523695934686 0.27475444209274963 0.8150913008200417 
0.2565827607096767 0.6190000527301088 0.7426169642084222 
0.35385299555431293 0.14684130737992443 0.9237651185271426 
0.5433077708928883 0.7476381755853241 0.38276814615239724 
0.6877685622049357 0.61614556255835 0.38408227746595963 
0.7141131905128778 0.48218698764052753 0.5104431197667544 
0.779169650516654 0.3229542303251073 0.5375010651196295 
0.595591588478083 0.5571392080627748 0.5802259953037473 
0.3252501613460802 0.7777266460024164 0.5388567135979484 
0.5803570220064995 0.3701233622097965 0.7258526480831268 
0.4633270404550777 0.7992716919707802 0.38379629091967105 
0.6779533369183756 0.2808569062057846 0.6795959199470695 
0.6609354530792202 0.6029890365534422 0.4475106331673183 
0.3248253550544311 0.6591324591261347 0.6798923797364588 
0.608851469774675 0.4602378615595005 0.6463364932122029 
0.3551849039111515 0.22727978068778282 0.9083370089463428 
0.3039339856418656 0.24540633044472135 0.9209246004090702 
0.7259732643525191 0.5063157448510922 0.46611348715511364 
0.4496017088805092 0.7061400780550553 0.5483455275418944 
0.4635168059561485 0.644496274290342 0.6082237850601349 
0.6110319956756326 0.2540962975408432 0.7498584832330346 
0.44018971221977793 0.35949170397590385 0.8233561773320498 
0.38613076832240434 0.44185484627353677 0.8106729195136335 
0.7285525104589122 0.566673450053891 0.39230680349261776 
0.4241682351467973 0.6016840436072196 0.6769379675761289 
0.6836131898742097 0.5067466197915201 0.5255636592240276 
0.5321731545785097 0.7390111256872793 0.4142153957373785 
0.508768415808611 0.7153485189312622 0.48162797289277015 
0.715404258872677 0.5554772448747015 0.42648169402482017 
0.6416989991240422 0.6508423117838327 0.4063539797944537 
0.40625152688625193 0.5223297793094175 0.7516064424274844 
0.22808469462696543 0.3077386550428647 0.9237829156552374 
0.480255102954449 0.7016299039466375 0.5270364125974154 
0.768073915124105 0.4526976172556714 0.4531833038378792 
0.39470246821682964 0.6491449496005409 0.6508775231407387 
0.3697056667583898 0.6510127368693601 0.6632448225027171 
0.36826640060339827 0.7726210019605347 0.5234024012332623 
0.5584649905212442 0.625788151590817 0.5468416747092666 
0.4681801031879469 0.7603789122755429 0.4508087073042475 
0.43881327164766487 0.7348777451593261 0.5173970647330957 
0.2159678414666305 0.3909244103532212 0.8950057404114966 
0.6871894642085757 0.36995671546278075 0.6257542870153554 
0.4950033841161293 0.5417976460788668 0.6796351072230612 
0.3698932592208657 0.7959552632989597 0.4809408764370792 
0.2576998204601577 0.5807255281528243 0.7734630345525474 
0.7719517281574304 0.36789244915388264 0.5233116647619187 
0.36884714216388387 0.7850674126556993 0.4994257904942673 
0.2764945244095535 0.4940850549784471 0.8302205025647673 
0.5143546469146105 0.5666822453801729 0.6439262084092928 
0.6118989308641221 0.5788855963980234 0.5410043430060041 
0.34813684219127417 0.8404851959973361 0.41942623869326034 
0.5327677648524739 0.2776119318074107 0.8004654954597672 
0.170566477199796 0.41131390839517334 0.8955603759851727 
0.6087760009857911 0.6663756640303409 0.4309622124287709 
0.7108024098739613 0.5489775131849539 0.44379947596789826 
0.5706237884149363 0.23832819053217838 0.7862641878406157 
0.22225390057596892 0.5272529443180418 0.8204433201175947 
0.5065258205527697 0.7727809955285309 0.3828696993152858 
0.5970882628443971 0.6296356788354759 0.49971367381539866 
0.5244472939178176 0.7214099953367242 0.45232882435503685 
0.5455067056301829 0.5858628402795727 0.599652419200669 
0.36020905313997986 0.18986784486614522 0.913465807653867 
0.580922967129341 0.44980870030373626 0.6795953439573713 
0.7393592695928171 0.5156568795134102 0.43353904356824097 
