7.492329567926711E-9 0.500137307865859 1.1787526566158887E-9 
1.461390753066173E-10 8.249640886233383E-10 0.5003148699632893 
0.5001350121145589 5.075683094898681E-8 6.170480156137911E-10 
0.06315438615596108 0.361326884891757 0.07565471635766267 
0.0018130665106051765 0.16695923183325045 0.3313626685411903 
0.09586300587472957 0.39925618684004055 0.005015231504274823 
0.1771323164225534 0.06843723304657692 0.25456737781846694 
0.09584244474255428 0.0022618873163411175 0.40203237043722756 
0.08111330473644224 0.10234321068917722 0.31667946125576185 
0.21391829158217243 0.2803129979030752 0.005904630771801837 
0.2378791414164447 0.05685216735081174 0.2054038906034646 
0.09462026685392048 0.07254357135887148 0.3329718695645348 
0.06557298285993861 0.27557004667900126 0.15899623995406484 
0.047073683412179226 0.2693239285977611 0.18373884387394088 
0.11218008565843844 0.3698616655271149 0.018097061220194405 
0.38427448838375433 5.95565411843376E-4 0.11526771433637152 
0.2736419667191668 0.19819016117217766 0.028305447186785154 
0.003556063623295373 0.3186503737639454 0.17793205778098184 
0.09620492665499474 0.28864387910126516 0.11528811258227371 
0.12355927529693418 0.22045870667220804 0.15611992727528198 
0.0328206240194366 0.1967823930454075 0.2705354428204908 
0.011080197316007142 0.05112625744821458 0.437927465872847 
0.011261085451678773 0.4321586932845862 0.05671768783066461 
0.15661788615284838 0.03696941799420961 0.3065520383890294 
0.10472027635276542 0.20176303467195908 0.19365287940469836 
0.11757425450218195 0.11202803512418555 0.27053458569808486 
0.028266993116591203 0.07817988775372901 0.3936898854625609 
0.034658008380260175 0.10922244181255214 0.3562567667689807 
0.4701092032205273 0.001812550314052431 0.028214701215586183 
0.24403517326997629 0.23204887830322538 0.024050984088917152 
0.2954552827901475 0.20176681716622805 0.0029160738009491823 
0.28344754393484717 0.1745690735425981 0.04212026855608517 
0.19904732417701626 0.04238977189479657 0.25870085892272626 
0.35212485957652107 0.0159908670250707 0.13201949218692996 
0.18449271585151628 0.1998769751881316 0.11576546037516722 
0.31456892412403203 0.10368805274517882 0.081882687084791 
0.23855997758271213 0.17639333261772666 0.08518479794692402 
0.1566937164895488 0.22431638703509701 0.11912621253237422 
0.01088638430163835 0.2330278951656336 0.2562228519233709 
0.31854741733775294 0.04827800241689427 0.13332159263157292 
0.3147839349544008 0.027242535118388082 0.15811259235784852 
0.09091226432302534 0.18015625129705784 0.22906740817360394 
0.027465723163297106 0.1535512033318021 0.31912250527849445 
0.20797370456687614 0.22019699435757345 0.07197000830985889 
0.06286286194460589 0.21122366136699325 0.22605090064044106 
0.14757218310805575 0.2889474742420658 0.06362014954296318 
0.4427227788450605 0.013045604603649492 0.04436742386006649 
0.42388989095648544 0.046603958632276676 0.029641393709620413 
0.2147726248641027 0.19849421410066265 0.08686923812793969 
0.03798657905185359 0.35808337152806685 0.1040664942678554 
0.2197824113931921 0.24045705658096933 0.039898205830817095 
0.4198803513153259 5.762354916494488E-4 0.07969873758668274 
0.27269312259060047 0.04472763500608087 0.18271199899375057 
0.2164588652499342 0.12239860014798595 0.16127854797833052 
0.16894770175709167 0.3248792011826547 0.006311114469355099 
0.151012911427835 0.3207110203305282 0.02841348046923337 
0.20579687014372744 0.1816854736747786 0.1126543420419907 
0.13213279273456083 0.12564281587067297 0.24235936989771872 
0.2587144756256387 0.10108971749827896 0.14033163107419325 
0.11055912646841445 0.15687688355804605 0.23269985333783175 
0.18841553118692325 0.249497689295802 0.06222250032426776 
0.3872222834722418 0.033865181557989954 0.07904896710051666 
0.3880736236938592 0.08801173509508353 0.024051050127308665 
0.21444127025756096 0.15688926878029583 0.12881026396722078 
0.034687264149631886 0.4258688122968392 0.0395802308321931 
0.04234862902146138 0.45523439455750825 0.0025557226481155923 
0.08976519565376959 0.13983698470510184 0.27053445695095074 
0.23922753767784857 0.25917595928956116 0.0017316557214084893 
0.14539444730380785 0.19063925170966733 0.16410538486893592 
0.23791736915213113 0.1288737200074957 0.1333457155193361 
0.08154225411820916 0.2513611097434461 0.16723481161882434 
0.02303591679690145 0.3895745000580446 0.08752796189258125 
0.31581623059073227 0.08015604288606719 0.10415790479194292 
6.905775763230207E-4 0.46162369088924726 0.037822978880584446 
0.23930317681130361 0.0019738596916638457 0.2588587968944958 
0.35610322309629366 0.05608057651644111 0.087954663275709 
0.26285971320260093 0.2335120505242009 0.0037624289433297025 
0.29596221887803814 0.1349782345226196 0.06919751559756841 
0.14999853995802084 0.06787706765804975 0.2822613474190643 
0.017341195677401604 0.006338043054565476 0.4764584377168966 
0.03367295887647827 0.2596727591520239 0.20679246571026047 
0.05391728000405204 0.04418705420252252 0.40203237923843466 
0.03408781464641967 0.23623294940231626 0.22981669478926506 
0.13393347878260922 0.0034776624477086096 0.36272556044499504 
0.19988625899082296 4.4835941263689936E-5 0.3002070194232436 
0.19688000918301632 0.1489927089552717 0.15426491661339656 
0.2286614098393763 0.08773620237407762 0.18373884399212556 
0.1883592016897906 0.17529416525628916 0.13648263625724177 
1.8128096384346996E-4 0.13724028284220385 0.36271501809716217 
0.2602361977783974 0.14386936143765233 0.09603426492048607 
0.4770975584951588 0.01713489471986146 0.005904644674998118 
0.003031658340215649 0.1984854591649702 0.298620346821669 
0.3526707312593589 0.144948546847639 0.002518895539437819 
1.6767740614924152E-4 0.3711633166683365 0.128810421814158 
0.06945372814812296 0.13926260382898142 0.2914233245274786 
0.10860706041540343 0.08497979248041941 0.3065513238174485 
0.13087820476026527 0.062708596620422 0.30655124224149033 
1.643303723722269E-5 0.29383101507917864 0.20629005508774034 
0.1481241050057526 0.1604757018419472 0.19153610324046166 
0.26498926752977253 0.029439843360339103 0.2057086551053444 
0.08211970316285211 0.15931643814526442 0.25869983588942974 
0.07574070791815693 0.4206957283850291 0.0037029214877209804 
0.34361382817433417 0.0811095306826579 0.07541606399742505 
0.4129618210098377 0.06395711016719945 0.02321520340000841 
0.3958154062542117 0.06130157379142406 0.04301717635999321 
0.07441661334151607 0.30993492233186465 0.11578308669125299 
1.2941523214738223E-4 0.09797489315718899 0.40203227343917736 
0.1094358803647555 0.34847364173259854 0.04222757443792581 
0.04624834689416901 0.01627646889817959 0.43761166442264754 
0.37315966258497885 0.06308239653065291 0.06389086392880629 
0.009563128985882435 0.35480833615855256 0.13576433541800462 
0.3034739976626138 0.0031512309231016378 0.19351148397751022 
0.05154541959788208 0.3887028743162671 0.059888643752345885 
0.18628006591873758 0.13077280311977202 0.18308481569750276 
0.20078425621927773 0.09085852800888113 0.2084936636009211 
0.05892734719929404 0.3371426134342401 0.10406649690941994 
0.11109575779154367 0.2977776805984336 0.09126466203711667 
0.10128180926407093 0.3339296671252899 0.06492729587822751 
0.2580429833916537 0.001001309565241707 0.241109600522087 
0.1711752111294128 0.27748146397842915 0.05148236568001902 
