0.7071073057894574 0.7071093650728373 4.472356024933453E-9 
6.106642396101984E-13 6.103989121460004E-13 1.000316797779884 
0.41577410105953083 0.4159523661823785 0.8091935207198458 
0.3542091619618651 0.3542198476906624 0.8656316649117867 
0.19869464756006774 0.19869378666059254 0.9597122983903151 
0.03242862634278495 0.032428665712069295 0.9989486945925643 
0.175561333509843 0.17556044158515918 0.9686929844148491 
0.5991767262198971 0.599175268109865 0.5310179945251747 
0.40632001910029475 0.4063156292719397 0.8184390353823248 
0.5801033181373207 0.5801018459234559 0.5718118585808216 
0.5620701412885659 0.5620487944647551 0.6068339957616763 
0.1848300053174786 0.18466100210718178 0.9662060194414018 
0.5251702445148796 0.5251681547407705 0.6696269621081153 
0.7055103575044759 0.7055086145676623 0.06720284288898445 
0.2679287695891167 0.2678668139458726 0.9258340414735374 
0.08834839302686251 0.08834804786663021 0.9921668716754972 
0.39869050675004164 0.39868983259459023 0.8258916986354355 
0.6449671936051786 0.6449609638476901 0.40995261310112047 
0.6161797327568324 0.6161754186771976 0.4905719191607249 
0.6998463188327374 0.6998172189726483 0.1432922830468957 
0.6918639042832478 0.6918423347354504 0.2067107373468865 
0.346863413627699 0.3468622199808135 0.8714226705025411 
0.6422464246123583 0.6421279126075032 0.4196666682675966 
0.5527460812497624 0.5527232208850958 0.6237377641650629 
0.24131214557199687 0.2413051000827465 0.9399895749469254 
0.036944427291044475 0.03694424654869545 0.9986411668855966 
0.31816039054283013 0.3177858953544278 0.8944212478523896 
0.33033792660601463 0.3300489974094364 0.885175815868678 
0.6822769937164461 0.6813761428402052 0.26895717973009825 
0.234799224030302 0.23479607514723866 0.9432710791343047 
0.5292030028116181 0.5291857252858532 0.6633334660943305 
0.34115979003161667 0.34115833807845297 0.875915931416384 
0.6509273273170781 0.6507902909254224 0.39132017392901663 
0.6603859120005874 0.6603842226956239 0.3574745561854308 
0.2868339922461323 0.2868339568160025 0.9140343446200262 
0.0046416136083698815 0.004640935181658019 1.0000877658210034 
0.4294801176396781 0.4293001884066335 0.7951034193343597 
0.08096484713636572 0.08094930386188734 0.9938094440917127 
0.5566806966585643 0.5566402386259457 0.6167647801205384 
0.18067628289395524 0.1805229174890059 0.9676297268547739 
0.2223657292031943 0.2223652735452793 0.9492795102051342 
0.6359575261312819 0.6359520935288913 0.43719070395241616 
0.3267596695646389 0.32631677669188003 0.8883773463515016 
0.7063377779197271 0.7063341885380621 0.0467552432451999 
0.450248532961202 0.4501571148886768 0.771367191028974 
0.6884859542126281 0.6884888949141649 0.22804843910473976 
0.5857744262608672 0.5857734854689763 0.5601270435372168 
0.4202349149859564 0.4202630401428075 0.8042883123187702 
0.4861589433549516 0.4860585854121379 0.7264356515152454 
0.025283544190082777 0.025282086618738802 0.9995501835242089 
0.543990428283057 0.5439881056399566 0.6388722959636421 
0.5347593340063653 0.5347612826411239 0.6542694017324181 
0.6727535402462869 0.6758985255531091 0.3131232812401729 
0.20687590036018005 0.2068749117168542 0.9562490676893209 
0.654444147482738 0.6542719135526458 0.37945794959168727 
0.1497244832404901 0.1495636695372714 0.9784229451698732 
0.4103266125008129 0.41032628563854895 0.8144129055000342 
0.4267093063347316 0.4262294398143701 0.7986206592372703 
0.6056779423595552 0.6056770428951344 0.5160596873518342 
0.7048389651535644 0.7048066092863248 0.08240787255820405 
0.29385886625934 0.29290351513276885 0.9131249649956907 
0.4907233942437636 0.4906884849211278 0.7201083075969998 
0.06201048698670028 0.061992734202232634 0.9963462924037919 
0.29741109737381766 0.29731110438258973 0.9075458579014348 
0.702224036217006 0.7021016011299338 0.11924326416096134 
0.5680243726355673 0.5680231620582537 0.5955687566256229 
0.3649879452530355 0.36498571759603315 0.8564917768648381 
0.13862582942372353 0.1386222116474991 0.9806151919516126 
0.25773012232108944 0.25769936248587333 0.9313137573406495 
0.16016750994398848 0.16011893841730876 0.974424273359264 
0.361455407278253 0.36103794873893186 0.8609084493457301 
0.7011519148922599 0.7009610356115819 0.1321807177964084 
0.06809780092780983 0.06809631275164577 0.9953714394267293 
0.7067495650449634 0.7067470539944698 0.03198361423367681 
0.09371931705263925 0.09371683972321443 0.9911969008979451 
0.46527417757906797 0.46527070435139073 0.7530294581939169 
0.3090258327991627 0.30901919892975693 0.899472250674725 
0.5717186727845819 0.5717169698689244 0.5884583859396387 
0.10346468984615631 0.10345910931979026 0.98928309028341 
0.6288594266541717 0.6287421008385303 0.45780016075140517 
0.16971038234440883 0.16969928241740442 0.9708241557115406 
0.228482456779448 0.22845701068670532 0.9470648343900686 
0.4973263812585686 0.49730393860559385 0.7109295915850175 
0.2813445874912867 0.28133652116664104 0.9174620760742184 
0.6946533503900933 0.6947606891037394 0.18702526198142502 
0.5390178632858079 0.5390024965312354 0.6472860525091931 
0.02012736588896266 0.020127146555836205 0.99960294837356 
0.6324141742874839 0.6323151178827461 0.44781120698224924 
0.690274665153193 0.6906194166651303 0.21738784791617216 
0.33681932862809827 0.33660584269989163 0.8798810906888165 
0.6196620168204358 0.6196437585778597 0.4818285584606215 
0.6968838778259472 0.6968552712455185 0.1697367390219728 
0.664740480571784 0.6647386182978984 0.34094987892871625 
0.6768916533268156 0.6768706676649872 0.2893218622721312 
0.2520477913271103 0.2520473765380463 0.934317271862933 
0.5075349650256901 0.5075243690170214 0.6963357450613371 
0.45574122707768433 0.45565384683098614 0.7648307602868991 
0.12491680419710434 0.12491658167315853 0.9842747087426975 
0.6696303400669809 0.6686124277062769 0.3267453366563254 
0.6851175773591802 0.6851147781914974 0.2474631895936362 
0.7034117428360024 0.7034091762022455 0.1021435998373506 
0.519969098113923 0.5200301510299185 0.6777888305111842 
0.24802354875351745 0.24802077438771827 0.9364777772868432 
0.11070639318593346 0.11067470844123968 0.9879337536132772 
0.056710901688198916 0.056707346480940446 0.9968414237857218 
0.4420423705799838 0.4420402122696475 0.7805167089498974 
0.3843802001677129 0.3843788622420696 0.8393508852032501 
0.1644481126023729 0.164447513475659 0.9725837350269733 
0.11884180384717921 0.1188406348810464 0.9859969242102762 
0.48003731238974845 0.47991791465948463 0.7345780108229539 
0.5132851710110743 0.5132867887452508 0.687808338498364 
0.3055608914958233 0.30554506351148053 0.9018696229591825 
0.38787446627370326 0.38780152541807733 0.836378718607406 
0.47473691516269256 0.47463427443041495 0.7413975601481217 
0.37889673041886796 0.37887489234639254 0.8445531413766629 
0.648249676491285 0.6482464459479306 0.39944486513793453 
0.37217097791684967 0.37207639247184204 0.8507598811404686 
0.6243262462882484 0.6243024561527003 0.46961587620490947 
0.5909172961400053 0.5909150492575224 0.5492193379540271 
0.7042746006040987 0.704152997116261 0.0929020110724075 
