0.0240231491625309 0.02977411076426506 5.981407165527344 
1.0857175588607788 1.9447200298309326 0.07685847580432892 
0.5231519341468811 0.9548640847206116 3.171302556991577 
0.13890191912651062 0.25391995906829834 5.291229724884033 
1.0021140575408936 1.9055804014205933 0.24724118411540985 
0.4271816611289978 0.8095062971115112 3.598830461502075 
0.2602136731147766 0.44546759128570557 4.775891304016113 
0.3988261818885803 0.7558361291885376 3.7617416381835938 
0.19010840356349945 0.35025331377983093 5.002888202667236 
0.8043330907821655 1.5326086282730103 1.3907057046890259 
1.022388219833374 1.817352056503296 0.47215402126312256 
0.820460319519043 1.4739766120910645 1.5578943490982056 
2.1947407722473145 1.309002161026001 1.0177676677703857 
0.9097326397895813 1.5556665658950806 1.296241044998169 
1.2566514015197754 1.204587459564209 2.4194912910461426 
0.28947168588638306 0.5123169422149658 4.547539234161377 
1.7302849292755127 1.2983503341674805 1.6803826093673706 
0.7832289934158325 1.1656889915466309 2.5550200939178467 
0.23525047302246094 0.40894198417663574 4.872462749481201 
1.2092113494873047 1.7223032712936401 0.6046666502952576 
0.10011555254459381 0.1664697825908661 5.594361305236816 
1.3471379280090332 1.1969057321548462 2.4250717163085938 
1.0033767223358154 1.4576441049575806 1.5488953590393066 
0.3386138379573822 0.6196734309196472 4.198066234588623 
0.8968773484230042 1.2448463439941406 2.2858784198760986 
1.8545318841934204 1.3671703338623047 1.2363625764846802 
1.76743745803833 1.330507516860962 1.494985580444336 
1.4286905527114868 1.1957966089248657 2.384859800338745 
1.001039743423462 1.6245241165161133 1.0360181331634521 
0.9909487962722778 1.7385982275009155 0.7129002809524536 
0.3136073648929596 0.5557369589805603 4.415127754211426 
0.6970281004905701 1.0966016054153442 2.7737221717834473 
0.9790874719619751 1.2584125995635986 2.233261823654175 
1.1089705228805542 1.581166386604309 1.105088233947754 
0.6222793459892273 1.189764142036438 2.438089609146118 
0.8582305908203125 1.3424553871154785 1.9589276313781738 
1.5664799213409424 1.5581021308898926 0.8300798535346985 
1.2325680255889893 1.4799399375915527 1.3582533597946167 
1.1153086423873901 1.870887279510498 0.2542625665664673 
2.116027593612671 1.275301218032837 1.3107388019561768 
0.7339802980422974 1.2065327167510986 2.407820463180542 
1.1184197664260864 1.3604010343551636 1.8353201150894165 
1.8623113632202148 1.4667543172836304 0.8175169229507446 
1.0605251789093018 1.8004047870635986 0.49192965030670166 
1.2980870008468628 1.2667073011398315 2.130911111831665 
1.0139601230621338 1.678879737854004 0.8693869709968567 
1.5217273235321045 1.2618380784988403 2.021934747695923 
1.2020211219787598 1.8335739374160767 0.28736284375190735 
0.8867923617362976 1.6205720901489258 1.1052194833755493 
0.7386514544487 1.1257576942443848 2.684969902038574 
1.4443154335021973 1.640840768814087 0.654890239238739 
0.562178909778595 0.9786552786827087 3.118643045425415 
0.6415358781814575 1.1003494262695312 2.7379767894744873 
1.1798765659332275 1.5583133697509766 1.1681287288665771 
1.4421803951263428 1.5948278903961182 0.8084254860877991 
0.5511866211891174 1.0372709035873413 2.9076173305511475 
1.2843711376190186 1.4027605056762695 1.5990936756134033 
1.2061996459960938 1.333799123764038 1.8985953330993652 
1.2736585140228271 1.774045705795288 0.4031088948249817 
1.1687724590301514 1.2119078636169434 2.3902671337127686 
0.8959100246429443 1.3306736946105957 1.9932243824005127 
1.4197369813919067 1.4950840473175049 1.1725813150405884 
1.4380745887756348 1.2606043815612793 2.093827724456787 
1.5487282276153564 1.4083788394927979 1.384486198425293 
0.6772775053977966 1.292301893234253 2.1267127990722656 
1.2377362251281738 1.373160481452942 1.7378108501434326 
1.4743626117706299 1.4539666175842285 1.2744472026824951 
1.7494010925292969 1.23289155960083 1.9888355731964111 
1.985703706741333 1.4280555248260498 0.8087323307991028 
0.46344709396362305 0.8350993990898132 3.5474417209625244 
0.7822191715240479 1.3333152532577515 1.9960625171661377 
1.1493037939071655 1.502894401550293 1.333698034286499 
1.0935957431793213 1.438641905784607 1.5749125480651855 
0.4743352234363556 0.9040140509605408 3.308643341064453 
0.8051530122756958 1.2063771486282349 2.4165732860565186 
1.319899082183838 1.6984412670135498 0.5851203203201294 
1.2125364542007446 1.5908870697021484 1.0094627141952515 
0.8259806632995605 1.2853119373321533 2.15059494972229 
1.443230152130127 1.5503963232040405 0.9578245878219604 
1.3946226835250854 1.5432438850402832 1.035700798034668 
1.7729551792144775 1.4022101163864136 1.1843503713607788 
1.6648306846618652 1.611759066581726 0.5223777294158936 
0.8121988773345947 1.2559984922409058 2.249948501586914 
0.9866148233413696 1.3283659219741821 1.9872392416000366 
1.0333629846572876 1.3728952407836914 1.8198386430740356 
1.0752660036087036 1.7392289638519287 0.6581480503082275 
1.602151870727539 1.1547086238861084 2.513763427734375 
1.1176583766937256 1.2964340448379517 2.071284294128418 
1.948207139968872 1.3302867412567139 1.2825987339019775 
1.523477554321289 1.578495979309082 0.7877838015556335 
1.0548051595687866 1.2449229955673218 2.274928569793701 
0.5927915573120117 1.0798958539962769 2.8050284385681152 
1.746963620185852 1.5258694887161255 0.7365425825119019 
1.1677026748657227 1.6321189403533936 0.9148902297019958 
1.3935924768447876 1.7151678800582886 0.4667958617210388 
1.5611380338668823 1.3192797899246216 1.7401106357574463 
1.2972826957702637 1.6912921667099 0.7735026478767395 
1.5774929523468018 1.629150152206421 0.560723602771759 
1.2977285385131836 1.6335269212722778 0.8067591190338135 
1.678818702697754 1.457463026046753 1.0705559253692627 
1.1511000394821167 1.4309937953948975 1.5742398500442505 
1.4085509777069092 1.6711513996124268 0.6485579609870911 
1.5530526638031006 1.3582037687301636 1.5821789503097534 
0.5997251868247986 1.1418886184692383 2.584728717803955 
1.035048007965088 1.5120033025741577 1.3652302026748657 
1.411545753479004 1.3745357990264893 1.6302828788757324 
1.391772747039795 1.3074665069580078 1.9061808586120605 
1.3458136320114136 1.342192530632019 1.795663595199585 
1.2838892936706543 1.497323751449585 1.2676913738250732 
1.6156094074249268 1.4810826778411865 1.0457205772399902 
0.9006190299987793 1.4511847496032715 1.6044849157333374 
1.275228500366211 1.5240508317947388 1.1815093755722046 
0.7652134299278259 1.408987045288086 1.7649307250976562 
1.3658764362335205 1.4299325942993164 1.4473583698272705 
0.9485956430435181 1.3879002332687378 1.7923508882522583 
0.9367454648017883 1.4847241640090942 1.4890345335006714 
1.3036350011825562 1.4518358707427979 1.4131650924682617 
0.37217748165130615 0.6819866895675659 4.007433891296387 
1.6763355731964111 1.2200264930725098 2.113185167312622 
0.8751744031906128 1.4087984561920166 1.743901252746582 
