1.504911413836477 0.006097223915012662 0.0011858100785358534 
4.5601466851075145E-4 0.006017738797269356 1.4944382758712411 
0.004428214876418258 1.4924653588421255 0.0031064262814563524 
1.0032097830542377E-4 0.6879213737290149 0.8119783052926798 
0.02192806072565268 1.4022111243977289 0.07586081487661853 
0.003094209071794197 0.4475232024070248 1.0493825885211807 
0.09031365229054457 0.9531708217476493 0.45651552596180606 
0.5817887691423212 0.7768098309504564 0.14140139990722245 
0.3503067457864863 1.0106637449125553 0.13902950930095842 
1.0870241815152688 0.006965730702523432 0.40601008778220793 
1.1038644913724176 0.12996207796988485 0.26617343065769755 
0.5470231213892387 0.6260230894185577 0.3269537891922036 
1.264065651338549 0.19215304452216092 0.04378130413929019 
0.6330717077669509 0.027089177854879687 0.8398391143781695 
0.22988052478062831 0.9815102212175632 0.28860925400180865 
0.8247599925663919 0.27533736557478283 0.3999026418588254 
0.5383503426620064 0.5527971490429543 0.4088525082950392 
0.032442819759711146 0.9476318106918169 0.5199253695484719 
0.9355419019672602 0.3132887661256518 0.251169331907088 
0.3056697079929543 0.1895053443462703 1.0048249476607753 
0.12088138593624995 1.0514698215162812 0.3276487925474688 
0.0024887933663719224 0.38635358869519365 1.1111576179384344 
0.37050421190730226 0.7771375919431047 0.3523581961495931 
0.0028214022170133806 1.0216757985456795 0.4755027992373072 
0.7122402703380054 0.4015384521944126 0.38622127746758206 
0.9981277997877163 0.45124077543144925 0.05063142478083469 
0.29172537209671784 0.4550084186112521 0.75326620929203 
0.2748131043602851 0.08575660848298039 1.1394302871567343 
0.654752438171152 0.5431937628253324 0.3020537990035157 
0.8520324181363214 0.6252584288639218 0.022709152999757055 
0.6279178972138696 0.3969768221229799 0.47510528066315044 
0.09054469202248074 0.006017738797269412 1.4034375691802496 
0.030001494016887405 0.12993658305463057 1.3400619229284818 
0.3291036344537485 0.7348405725846395 0.43605579296161195 
0.5026356448627881 0.9705028905983186 0.02686146453889342 
0.2572788185328459 0.011738611686624545 1.2309825697805294 
0.10836895715209974 1.138980269715368 0.2526507731325324 
1.1438664901998725 0.305906892518913 0.05022661728121467 
0.15245535691625436 1.339187507126535 0.008357135957210934 
0.24355866373267127 0.8062159282390826 0.4502254080282462 
0.13087496861500927 0.6789609004883741 0.6901641308966165 
0.23918202594160626 1.1672947670494498 0.09352320700894413 
0.18740291724876193 0.34380963170816226 0.9687874510430756 
0.024090025727902815 1.3029305110981686 0.17297946317392857 
0.4206580242107685 0.45191654496724437 0.6274254308219871 
0.7659843586346626 0.2599466241143177 0.4740690172510197 
0.1900898638105788 1.1518389993926514 0.1580711367967699 
0.0316673957519012 1.0780866120744204 0.39024599217367845 
0.3683954927669646 0.3983831603762281 0.7332213468568072 
0.3816308552727937 0.8869693300597552 0.23139981466745113 
0.4214312452861951 1.0682537206302463 0.010315034083558822 
0.1250286201887504 0.1592874958151051 1.2156838839961446 
0.8888196756409782 0.07505928788568028 0.5361210364733416 
0.08845655924325559 0.20559153101115418 1.2059519097455902 
6.264710750758519E-5 0.8736786529691216 0.6262586999233707 
1.1879322738344187 0.22072478575544896 0.09134294041013243 
0.4182910269997609 0.31994480783075707 0.761764165169482 
0.6643252665931482 0.08575660848298056 0.7499181249238712 
0.46224129148406745 0.6316417340119567 0.4061169745039759 
1.1206889899245518 0.1958972412155507 0.1834137688598976 
0.41423241560479374 0.1356125289759656 0.9501550554192405 
0.3098189419936394 1.1843314525929984 0.005849605413362322 
0.5254407217385809 0.7716764225728086 0.2028828556886106 
0.6571361650112343 0.20686095021152356 0.636002884777242 
0.1678875282488266 1.0714746062247182 0.2606378655264553 
0.3387777075852988 0.9519110456749325 0.20931124673976884 
0.42265289156292185 0.9676774426304326 0.10966966580664556 
0.37490376138678244 0.6330857509459327 0.49201048766728483 
0.5625327067847574 0.0848827339773886 0.8525845592378539 
0.1622665372944785 0.006927489543880894 1.3308059731616402 
0.2867258458070963 1.0560461427527745 0.15722801144012918 
0.6111961591033136 0.6316417340119568 0.2571621068847296 
0.7173293360136412 0.7786090118971227 0.004061652089236088 
0.4800730402503174 0.2487036936537168 0.7712232660959658 
0.29389066067553726 0.3638625783963231 0.8422467609281395 
0.929951902250591 0.08684813008493131 0.48319996766447776 
0.4787274604007075 0.00662243938413809 1.0146501002151542 
0.7322885341221915 0.20556621200299113 0.5621452538748174 
0.4079113393806205 0.20556621200299097 0.8865224486163883 
0.6836039447925248 0.701884859934442 0.11451119527303316 
0.6741916968390788 0.30021995530759826 0.525588347853323 
1.2540993212794607 0.08733170214770158 0.15856897657283783 
1.2838849518708282 0.016714236330364618 0.19940081179880711 
0.853485049759535 0.20578645386137295 0.44072849637909217 
0.836564474187468 0.5764333510695638 0.08700217474296841 
1.1630928746874765 2.025113230292308E-4 0.33670461398949436 
1.101354270013129 0.39089693870462366 0.007748791282247588 
0.23423061260013045 0.5143907497236743 0.7513786376761952 
0.7450359883023375 0.5758110297795773 0.17915298191808512 
0.5296242170515663 0.4610671781142717 0.5093086048341621 
0.3923390670027133 0.5581043852202059 0.5495565477770809 
0.1106809075508908 0.28214319116144104 1.107175901287668 
0.47341816878400944 0.6990607090894233 0.3275211221265672 
0.20746648893182035 0.6235261849410471 0.6690073261271325 
0.9768398060520393 0.39838316037622845 0.12477703357173242 
1.0633563024726438 0.3082644423581006 0.1283792551692558 
0.45069556807667155 0.7883027274437726 0.26100170447955595 
0.566985124310751 0.011424865310710797 0.921590010378538 
0.08025560676812728 0.5496781604603987 0.8700662327714739 
0.6956774102772075 0.12752588041790214 0.6767967093048902 
1.4238252409921284 0.010890588554751335 0.06528417045312038 
0.5150688589660535 0.90578594973371 0.07914519130023663 
0.8737411681162089 0.4512407754314492 0.175018056452342 
0.09726219916470394 0.7768098309504562 0.6259279698848398 
0.19066441786970073 0.7302204436865433 0.5791151384437561 
0.5051884085295255 0.12479732885110645 0.870014262619368 
0.5266659076926318 0.3893197575100925 0.5840143347972757 
0.5529268033768947 0.3013960559685821 0.6456771406545231 
0.15065826056513895 0.8410378852455567 0.5083038541893043 
0.7454589006208884 0.027011270898060102 0.7275298284810513 
0.9932932094377127 0.19442767485763546 0.31227911570465194 
0.3525980309382889 0.01341940432910832 1.1339825647326025 
0.8096028416054626 0.02669136344651729 0.6637057949480201 
0.577515631741275 0.20152043002389247 0.7209639382348324 
0.489600016706343 0.3091220943551965 0.7012778889384604 
0.006463906604658344 0.30912209435519633 1.1844139990401452 
0.12635598251409105 0.45124077543144886 0.9224032420544599 
0.0012783290329801968 0.575811029779577 0.9254672992534031 
1.0901361662583096 0.07270799742490192 0.33715583631678864 
0.8564667908113388 0.32102642172341245 0.32250678746524875 
