1.99604332447052 0.008855264633893967 0.008117078803479671 
0.002261013723909855 0.0019231569021940231 5.9983415603637695 
0.028954438865184784 3.9547665119171143 0.010651442222297192 
0.6091249585151672 0.00291915750131011 4.17756986618042 
0.08045833557844162 1.7009775638580322 3.2150092124938965 
1.3919750452041626 1.1884924173355103 0.04877112805843353 
0.11138114333152771 1.1217060089111328 3.9909472465515137 
0.3191925287246704 2.3776988983154297 1.4970214366912842 
0.7677505016326904 0.9998413920402527 2.2038326263427734 
1.3138720989227295 1.008413314819336 0.5540629625320435 
1.19010591506958 0.7352277040481567 1.3373234272003174 
0.5424845814704895 2.763915777206421 0.23698702454566956 
0.057143375277519226 2.325975179672241 2.3507766723632812 
1.2254712581634521 1.3020343780517578 0.3782311677932739 
0.3491605520248413 2.9187917709350586 0.5820136070251465 
0.038143862038850784 2.0081827640533447 2.8804683685302734 
0.2561854124069214 2.8792028427124023 0.9202830791473389 
0.9504562020301819 1.1767250299453735 1.3909225463867188 
0.3849770426750183 1.5089964866638184 2.5907578468322754 
1.499867558479309 0.15410180389881134 1.2762324810028076 
1.87932288646698 0.02909165248274803 0.3278995752334595 
0.02929426170885563 2.18837833404541 2.6405773162841797 
0.47363096475601196 2.4483165740966797 0.9139451384544373 
0.0249672532081604 0.5295150279998779 5.138034343719482 
1.0240294933319092 0.48736754059791565 2.2038605213165283 
0.13593216240406036 1.4424620866775513 3.43689227104187 
0.23591399192810059 1.0922088623046875 3.6613473892211914 
0.745917022228241 2.0694468021392822 0.6653785109519958 
1.3512638807296753 0.31798073649406433 1.4767924547195435 
0.6545745134353638 2.4714765548706055 0.33780792355537415 
0.6165082454681396 0.24528658390045166 3.791659116744995 
0.20738397538661957 3.599480152130127 0.048723433166742325 
1.673616886138916 0.07890806347131729 0.86781245470047 
0.4302918016910553 0.6728889346122742 3.707007646560669 
1.10855233669281 1.739108920097351 0.07324521988630295 
1.0198402404785156 0.7978048324584961 1.7511144876480103 
0.8833117485046387 0.6859087944030762 2.328627109527588 
0.5723040103912354 0.5417376756668091 3.4779229164123535 
0.1707007884979248 0.9221668839454651 4.111288547515869 
0.693873941898346 0.2830992341041565 3.501265287399292 
0.20907025039196014 1.5853381156921387 3.001922607421875 
0.3562328517436981 0.0933423638343811 4.831037521362305 
0.09911772608757019 2.746774673461914 1.589242696762085 
0.4870460033416748 1.7176686525344849 1.9692615270614624 
0.04808848351240158 3.199812173843384 1.063163161277771 
1.306449294090271 0.542996883392334 1.2749236822128296 
1.0281991958618164 0.12447714060544968 2.7363250255584717 
1.240509271621704 0.054364707320928574 2.2038462162017822 
0.36035433411598206 2.1362106800079346 1.7396734952926636 
0.8355148434638977 0.37132933735847473 2.9453399181365967 
0.5387643575668335 0.8904596567153931 3.0555598735809326 
0.31818291544914246 3.2535226345062256 0.17214198410511017 
0.18207107484340668 3.048006772994995 0.9359989762306213 
0.7539964318275452 1.428591251373291 1.6022015810012817 
0.8998128175735474 1.0811368227005005 1.6871081590652466 
0.01273086853325367 0.949090301990509 4.549545764923096 
1.4327062368392944 0.9202905297279358 0.35022345185279846 
1.2011520862579346 0.3044663667678833 1.9489156007766724 
0.12433362752199173 2.9321444034576416 1.239877462387085 
1.4858931303024292 1.0000394582748413 0.04977363720536232 
1.2036445140838623 1.082934856414795 0.7730498909950256 
0.4398367404937744 2.2654199600219727 1.2904218435287476 
0.48824307322502136 0.4621787965297699 3.8496253490448 
0.7408595681190491 2.4056432247161865 0.17626674473285675 
0.6212643384933472 1.0463160276412964 2.5753226280212402 
0.8339998126029968 1.7845308780670166 0.8292173743247986 
0.4766223430633545 3.0781090259552 0.054399024695158005 
1.0626845359802246 1.526534914970398 0.5299115180969238 
0.2575344443321228 0.3393326997756958 4.726729869842529 
0.42990347743034363 0.21822242438793182 4.38975715637207 
1.0159363746643066 1.72079336643219 0.3781276345252991 
0.9484784603118896 0.452129602432251 2.5279335975646973 
0.8566432595252991 2.288588047027588 0.006283084396272898 
0.9094312787055969 1.6700999736785889 0.7744443416595459 
1.6284537315368652 0.3515893816947937 0.5975602269172668 
0.3104274272918701 1.8166688680648804 2.3513712882995605 
1.4775598049163818 0.8155569434165955 0.3534553647041321 
0.22505523264408112 0.6845389008522034 4.306069850921631 
0.0964069738984108 0.22968359291553497 5.37481164932251 
0.6568120718002319 0.6678944230079651 3.035339593887329 
0.375289648771286 2.568643093109131 1.0293434858322144 
1.3508931398391724 0.7272849678993225 0.8687889575958252 
0.23644405603408813 1.3973326683044434 3.2026007175445557 
0.5706238150596619 1.4635965824127197 2.1006507873535156 
0.3512778580188751 0.4317588806152344 4.305958271026611 
0.3560958504676819 1.0599215030670166 3.3493926525115967 
0.18847744166851044 1.9117648601531982 2.578944206237793 
0.2469896376132965 0.12935343384742737 5.072451591491699 
0.33354729413986206 1.9515717029571533 2.0799455642700195 
0.6721532940864563 1.8567068576812744 1.2053608894348145 
0.4976838529109955 1.2529027462005615 2.6346752643585205 
0.6473509669303894 1.6638661623001099 1.56968092918396 
0.9189735651016235 1.398949384689331 1.1526226997375488 
1.4516243934631348 0.6996470093727112 0.61204594373703 
1.4912147521972656 0.4265982210636139 0.8955346345901489 
0.6990054845809937 0.44722095131874084 3.239309072494507 
0.07293232530355453 0.39419159293174744 5.1974592208862305 
0.00627350527793169 0.7790778875350952 4.8202385902404785 
0.7251022458076477 0.7343873381614685 2.731546640396118 
0.6225842833518982 2.0458600521087646 1.0706830024719238 
0.5943717360496521 1.2249417304992676 2.4391493797302246 
1.1363060474395752 0.19429558515548706 2.3849425315856934 
0.08746828138828278 3.439910411834717 0.5853320956230164 
1.3780319690704346 0.19349488615989685 1.5834147930145264 
0.20561949908733368 0.5039243698120117 4.636251449584961 
0.04824943095445633 2.5660054683685303 2.0256073474884033 
0.8378620743751526 2.10640811920166 0.3346879780292511 
1.1818888187408447 1.0034008026123047 0.9579953551292419 
0.20429371297359467 2.340458869934082 1.8842825889587402 
0.9966873526573181 1.4583172798156738 0.876329243183136 
1.5841947793960571 0.17432144284248352 1.0257045030593872 
1.758614420890808 0.41784289479255676 0.10607189685106277 
0.32926174998283386 1.5954209566116333 2.6286675930023193 
0.3501254916191101 1.2877546548843384 3.0358824729919434 
0.08046205341815948 3.731693983078003 0.173058420419693 
0.4824509024620056 2.6853830814361572 0.5328996777534485 
0.22014178335666656 1.251523733139038 3.479743480682373 
0.3831246495246887 0.585727334022522 4.108799934387207 
1.1843212842941284 0.4918881058692932 1.7168992757797241 
1.0367450714111328 1.2457127571105957 1.0293370485305786 
