0.8452019346235684 0.8646597108052316 2.6242672155348643 
1.2295323414956982E-7 1.4085155092499226E-6 6.001173417299243 
0.00454210292655588 0.7867170221476256 4.589837935388404 
0.8117082807224385 0.012816208322408207 4.3810405419713305 
0.8472541627082627 0.2460701894847892 3.8879448790438733 
0.25788848292324223 0.17544110091977277 5.224887973360173 
0.211936249667633 0.017164623116814104 5.57698660374073 
0.2348370524037404 0.045128141289675155 5.519993868305043 
0.1630658247341571 0.6932468252031835 4.811359017538864 
0.863818772024453 0.770831909096079 2.898061432986683 
0.7875612374513951 0.7914919214019434 2.97818210494055 
0.211936249667633 0.7878890627299222 4.092468265402848 
0.6963590126903275 0.8382359148351091 3.4673072754375536 
0.07494535015883899 0.7867170221476256 4.378913790079618 
0.06594279584926499 0.034429032613485344 5.851172021069623 
0.7193132217849038 0.6457990980430884 4.452106371774104 
0.7727668143893149 0.8242041596498502 2.9581669225094602 
0.7968642983541449 0.16114261892653647 4.218568733685243 
0.19183096809299777 0.10364546075684489 5.433588398057407 
0.7897733032581505 0.7689671178647223 3.118153360113016 
0.7578869140730484 6.045343273994308E-5 4.6703659136940185 
0.2303112552282332 0.7166770435286238 4.587734607286193 
0.7202823027708153 0.7365450273265424 3.758915076413482 
0.7320362540795476 0.17174997474943743 4.503867834825395 
0.058344837636234353 0.8440654170630371 4.230065823322691 
0.6792423745936813 0.10822749754788924 5.041340882605204 
0.8727325553294327 0.6916019433000525 3.462747004494279 
0.6675936007662291 0.2296965374605811 4.929812611931691 
0.8397732416058898 0.6375205750934686 3.9072511787757938 
0.6821766446705897 0.17333874060059745 4.882266912033109 
0.6675936007662291 0.7727039157525502 3.9730180665385837 
0.7248371471942917 0.6963559255454549 4.153655861106138 
0.6442115826653814 0.157769276956283 5.177675753118516 
0.07232827031846549 0.7052180016539437 4.927801568278774 
0.26939147637261773 0.09428875503874895 5.411890348048976 
0.220157450050932 0.8101133585183152 3.991006488812787 
0.8246780776359478 0.7402441310824436 3.2354419448711664 
0.8427105047381447 0.06443176994835534 4.217673547002589 
0.6735923373197898 0.045128141289675155 5.244124887029738 
0.05468914905342187 0.18923218846313744 5.5508165328791845 
0.2111039410381899 0.16039112700861416 5.29040933344036 
0.07992466637746867 0.6533739320424317 5.295855980928226 
0.7198404093131197 0.07464967392669541 4.859164390010261 
0.7732287112750735 0.7310882635617053 3.428282337643359 
0.12511910670866677 0.785804824946043 4.266540538940571 
0.8249175546891737 0.22214041792912523 3.939456579426657 
0.025659568007109446 0.10986532416024188 5.767228609777297 
0.28488215775394515 0.7867170221476256 4.092164068564758 
0.6676191050699652 0.658781768193534 4.720345120630264 
0.07555261791093056 0.16098690092239104 5.61087506462072 
0.7534432421128069 0.7235279077179239 3.6055122373641635 
0.7578606213585495 0.22525153986924393 4.252535203112503 
0.7415431761097214 0.21410428850354613 4.373010492692073 
0.07992466637746867 0.7303845538890695 4.723295265249456 
0.220157450050932 0.27673927475186044 5.172830673593691 
0.1561791018429921 0.012902184221350088 5.67548074866503 
0.2369756089278705 0.23042103091261423 5.157249127499798 
0.6531260408229377 0.800672755476243 3.8958252404225937 
0.7324721409562146 0.8382359148351091 3.1677789454163467 
0.7467600735170251 0.843381347272766 3.0799965012162347 
0.7653138193620556 0.7035375393449654 3.687398740386113 
0.6688533358526452 0.019088723158215193 5.328590877765588 
0.047734352218126 0.6503008141491218 5.382841115412352 
0.231294466176486 0.8440654170630371 3.8963573374741687 
0.7578869140730484 0.14423880564836306 4.385523360552323 
0.19822504851373524 0.7571762813214755 4.286359947199897 
0.8373995447877063 0.6907871717820504 3.5411390282593915 
0.8329424553703301 0.6566229504602191 3.7451924306029807 
0.28822689258940504 0.6503248746284083 5.065589256712849 
0.7732287112750735 0.6655854186187358 3.9176315552649323 
0.7904254819470592 0.18570788274336647 4.118006939636865 
0.6810928231889164 0.13992042249093362 4.988995469990163 
0.7463305275624268 0.7030616988981497 3.8065062448152074 
0.8427105047381447 0.8242041596498502 2.674255850433416 
0.16312049681923874 0.20651149267028815 5.277425382765076 
0.7422216728003322 0.028924798684530628 4.7377721273405005 
0.01146172654696398 0.74706154928859 4.734677239159637 
0.6369809393212648 0.7603467280186262 4.194059381329316 
0.07065360387787306 0.25235725946351834 5.460900051551059 
0.7666800316374627 0.7609994155262769 3.3236738950686164 
0.8271131154567402 0.7920974292526475 2.8246634653552736 
0.7962643233772584 0.8550417937902666 2.833963361749836 
0.8143929205320519 0.1288003576185371 4.139030240184325 
0.22587609395151112 0.6375712298548841 5.150866901450408 
0.0028791904809156166 0.15166096805297674 5.697270913580409 
0.2111039410381899 0.12715429986169713 5.3654144239422 
0.18481168686138152 0.7823383740244945 4.216630487750012 
0.6675936007662291 0.8544244644917942 3.6573981809929323 
0.7251335999289007 0.13743507886429204 4.670494535699007 
0.1209007480379031 0.7350926441629864 4.59634734139018 
0.8430835971735272 0.7123095250020592 3.3092628667223942 
0.726101604589626 0.31837533208864355 4.526434185145312 
0.22832157398521927 0.20651149267028815 5.183210078261719 
0.851323024060669 0.8051756231888095 2.729906103207097 
0.7578869140730484 0.09790348139685082 4.49389540608076 
0.015175368481117668 0.7029482043614055 5.047575164843271 
0.08765446067808652 0.7639038393176589 4.478767434932486 
0.7063238710452155 0.25330420302517376 4.6105053524318365 
0.7712518375729959 0.25235725946351834 4.16137286758802 
0.7242238088905204 0.8139762026283277 3.295490011708427 
0.6963590126903275 0.22022463597559666 4.729924130509195 
0.7343326278034322 6.045343273994308E-5 4.83083562025049 
0.7869716068543783 0.8205554636861474 2.8968341516996756 
0.12170676248916634 6.045343273994308E-5 5.768359188144882 
0.15310738973837662 0.6555042915667932 5.146044885046931 
0.718564903557292 0.045128141289675155 4.953582415083688 
0.15925390680889262 0.09244126416003945 5.521391535964246 
0.12129602133239238 0.04546918717816095 5.793384297243185 
0.15750927366395073 0.1385470388679626 5.448509911934312 
0.26939147637261773 0.7629686082100613 4.215047218337856 
0.756911830397239 0.6441870777407526 4.198744741151803 
0.6505111568337615 0.6907871717820504 4.638517965290872 
0.8427105047381447 0.17435677555825232 3.9704295425078344 
0.6588867678571828 0.7244543703391237 4.303505062054677 
0.734496016048627 0.7571762813214755 3.501634347551464 
0.8203709187033487 0.16510586575684133 4.037183576220995 
0.8152314069384751 0.7571762813214755 3.0595785987020285 
0.15783782015002334 0.8469001153459969 3.9992091767682005 
0.6369809393212648 0.1082942985682353 5.340822469105194 
0.11613320093125132 0.20662681184001813 5.385217668470179 
