1.6059650953919072E-9 1.9405894005588773 4.099457513336566E-8 
2.2677919777505693 1.1324526324871086E-8 1.820967941019598E-7 
2.473094305781076E-15 7.920167319916323E-7 6.73597547184632 
0.8205708669478766 0.5002138700601274 0.2907611356823034 
1.0014664343114253E-8 0.6358156238404187 0.7781539536787548 
0.7524577648702371 0.6660583731415783 2.9343561448480905E-4 
0.998999387084801 0.017651092548663115 0.0682510281932052 
0.06621974285498383 0.0012797929172980783 0.9998884276847626 
1.0024241527497597 3.305207234566522E-4 0.0013467192339656367 
1.0015308278417039 0.001333006619430435 0.017062168233050585 
0.0020963257853543857 1.0014642658060144 0.004622887491577423 
0.007559075709934213 1.0013185469595876 0.01634326708183308 
0.9704608844147293 0.18330894659270028 0.17780607876433188 
1.0005400341158854 0.016429382089795483 0.017138855781475587 
0.98215828733787 0.14502310200541135 0.13479388469358072 
4.478539446804798E-7 5.441346726786145E-4 1.0059180461483 
0.0011877721290421835 0.012509193804074408 1.001968140487696 
0.11741392438625874 0.9563229077214421 0.2773586364830281 
0.8083795841951971 0.5966501854989602 0.06914672231357764 
0.004291140678623239 0.8592609324300865 0.519046606658329 
0.00755547168638967 1.0008411373188708 0.058989633929043696 
0.40961901170161974 0.8892680928402174 0.2088840976704785 
0.002137560769216072 1.0029476490154408 3.7463950606498204E-4 
4.0461742640492934E-4 0.16922242025849035 0.9898258037110613 
0.015155955092358953 0.9987073004245967 0.06935931612623486 
0.47718388366588865 1.2860177117254449E-5 0.8842169671637056 
0.12510598900686037 0.25602996317231275 0.9608859992902983 
1.0002377492451546 0.051919349462844155 0.0063320508513557815 
0.9964664715116303 0.10099312558189456 0.017250556956366996 
0.8253842535315441 0.5690951623132815 0.0017236223362243684 
0.9500870106574092 0.31595073299749254 0.0011621149291576583 
0.7243503993567492 0.05233993861605668 0.6893022479151226 
0.9925682398921906 0.017745652745744456 0.13710303971777266 
0.20252991937157752 0.9340322223841532 0.3129481511863987 
0.8768891771894076 0.16563432275384382 0.4589622497247509 
0.1432774298239289 0.04863233241198898 0.9909214386888969 
0.17507326575855475 0.0026152517502406572 0.9871030769428997 
0.6827332808532013 0.01774672643981622 0.7335301941110534 
0.7962157573969771 3.9439215147907264E-4 0.6120825468326363 
0.9513145247745901 0.05842590177806213 0.3086252658405293 
0.5530580441350267 0.837361075740126 0.0017252663307481555 
0.5506411593176894 0.03838093311713364 0.8363028348248476 
0.24148439832626192 0.15111851648169095 0.9605822541091563 
0.9998590732420993 0.004536686581137065 0.0656588430986479 
0.06121497967138418 0.9476924088765571 0.31664478594133644 
0.3011156765104834 0.22161101556227866 0.928408547110784 
0.8912749004800433 0.014159073927452139 0.46094306829645 
0.27031786407962755 0.9635580803860551 0.02874538762066721 
0.8878715345015984 0.06679665907668428 0.4604224769508404 
0.07452299622200631 0.7479114156659542 0.6611840267583238 
0.22424315748082385 0.7022420935907886 0.6783314000914742 
0.48792342082448126 0.867554174133361 0.10613539229954966 
0.040681861963394524 1.000387572875402 0.0045620406546469415 
0.2772702941330947 0.02004642821621421 0.9617559061928324 
0.883160666070536 0.4731674614710318 0.06386303098375845 
0.42990946823639153 0.03606039074056611 0.9059046631577711 
0.009942840808813155 0.10494610184519668 0.9973053965694528 
0.42647606409794664 0.3124259006951181 0.8522582011395352 
0.9739831677394333 0.2285823122103013 0.03717985118288675 
0.42880923645994506 0.09768975998663271 0.9017079216950163 
0.022751231939202168 0.9734503569367382 0.23757876680583973 
0.7373952320352162 0.17281315310126932 0.654545736669448 
0.026695790866261632 0.2692973257544253 0.9638755876592149 
0.023221439299380864 0.14433469734974452 0.9912828342104628 
0.8916698458314489 0.4568225760512738 0.004948619112590056 
0.33496874862207876 0.08071102392041951 0.9400402643741284 
0.016197359443808578 0.4309078082515471 0.9035904909190375 
0.1198099177087728 0.11951083098241197 0.9891643594613007 
0.5519106044613452 0.0014104284238191905 0.8362047306190159 
0.9967774490261224 0.0674091394437358 0.0693754192565365 
0.01818980727793075 0.994130352041128 0.12107653490959452 
0.7216714681721449 0.6388070486804354 0.2882458998608163 
0.9344513091377609 0.3192771528376988 0.1744657310702212 
0.15691692662497944 0.9870427784353502 0.07760331885547612 
0.11147499699221845 0.41680718519184684 0.9066254212040843 
0.9933453466180349 0.0032421340162349602 0.12445955256208986 
0.398153751221781 0.9113899923038101 0.12110911364382478 
0.0028262145721147094 0.025464869224813468 1.0017280607372798 
0.026176810641361476 0.860883969837656 0.5105824089869877 
0.9606893006707028 0.011690938058667479 0.29011137900852596 
0.028771492192299273 0.49806070981328404 0.8679930391507857 
0.9460865682428106 0.31773969620444525 0.07749299515497311 
0.07642712520955353 0.01782230990874399 0.9991998672339971 
0.010203293525058861 0.6353867497028979 0.777729326623801 
0.8825543016612988 0.12246704289745142 0.4576832806220392 
0.0016705807342026803 0.7275203677099285 0.6897359995025676 
0.005864951697194715 0.365226442510243 0.9352050244515343 
0.004869309016402877 0.0016573775868973135 1.0011608494759836 
0.6007706210466733 0.36947069675096506 0.7152530382311035 
0.6235418268888401 0.7845213190085342 0.008895212068189738 
0.013651142675479993 0.19547968508424327 0.9837122610804595 
0.9442857160031722 0.16915349409707836 0.2896932703348767 
0.546023895790427 0.10233451432324225 0.835149659123783 
0.061217546172330044 0.014275534723367154 0.9994610096859741 
0.3487398723517987 0.9370049528846206 0.06964200664245125 
0.0125445770144438 0.004549718481391515 1.0009212074781175 
0.08331899909786333 0.9755565336172359 0.20824640263037777 
0.07084998179856818 0.04274946258148673 0.9993884446106243 
0.04717442967817996 0.9929555021367474 0.13496604753448052 
1.0010513933943552 0.004394629313479099 0.0011619021979624355 
0.08363359692058096 0.8710689796388905 0.4866334716862749 
0.21574052257424164 0.07343208358630858 0.9750384019027699 
0.004209334448873378 0.03733914220143244 1.0007595045831152 
9.51680601681611E-4 0.5133081854138419 0.8633819017707518 
0.1738493113199695 0.9888433829453366 6.769843026089447E-4 
0.2666526421452404 0.5735295959865248 0.7773078921703812 
0.9926015823491458 0.06918657332356032 0.1167890982882714 
0.33195144291560946 0.04131398909478055 0.9470448994262749 
0.4138860909323318 0.9120932309527848 0.006332191558776469 
0.36640970887700364 1.6571292422375822E-4 0.9340845801511695 
0.041336850380280996 0.09500340680288577 0.9957135098459785 
0.1506348178781418 0.7746371028682751 0.6193091855822087 
0.24818597146824847 0.005677468655506191 0.9696769124632615 
0.044692914916043415 0.638610405513497 0.7733230525740373 
0.7102007538385519 0.7084278487019263 0.025849483230407966 
0.0073466016384646305 0.08231051671455973 0.9980562460205973 
0.720799205146769 0.5305870873791818 0.4552015184544261 
0.0049089697420232805 0.9788640938311152 0.20884198654801708 
0.9985456648452391 0.07369392563190803 0.01699436096308916 
0.7955947766065904 0.029047788391446845 0.6120126097463854 
