1.8986084461212158 0.16397076845169067 0.17660988867282867 
0.8575340509414673 0.38467055559158325 1.8484621047973633 
0.9718849658966064 0.8669772148132324 0.22227348387241364 
0.8196418881416321 0.46265095472335815 1.3961286544799805 
0.898659348487854 0.35472750663757324 1.452436089515686 
0.9915266036987305 0.5759697556495667 0.8921375274658203 
1.448464035987854 0.27901625633239746 0.45937833189964294 
1.1511255502700806 0.5273469090461731 0.32896819710731506 
1.027971625328064 0.5220170021057129 0.9382848739624023 
1.0447195768356323 0.7404413819313049 0.26596343517303467 
1.4509637355804443 0.21718734502792358 0.9615955352783203 
0.9471100568771362 0.3235582709312439 1.4403244256973267 
1.340738296508789 0.34390687942504883 0.4496622085571289 
1.0165349245071411 0.603165864944458 0.6219584941864014 
1.3899762630462646 0.29288387298583984 0.23452794551849365 
1.016093134880066 0.3185199499130249 1.3704315423965454 
1.1385819911956787 0.32443907856941223 1.2855713367462158 
1.2005666494369507 0.39422687888145447 0.750205397605896 
1.398578405380249 0.2744750678539276 0.6748627424240112 
1.4056329727172852 0.2833207845687866 0.5787421464920044 
1.4892888069152832 0.2662481665611267 0.15052367746829987 
1.0483272075653076 0.4873647093772888 0.9965213537216187 
1.7761870622634888 0.17779281735420227 0.23956537246704102 
0.9806809425354004 0.6202496886253357 0.7258476614952087 
1.630831241607666 0.218632772564888 0.25695350766181946 
1.0349637269973755 0.6547319293022156 0.3458918035030365 
0.995191216468811 0.7312458753585815 0.5191840529441833 
1.0970829725265503 0.30408206582069397 1.3409030437469482 
0.9034188985824585 0.41980093717575073 1.3556780815124512 
1.1782755851745605 0.5278776288032532 0.24897412955760956 
1.041006088256836 0.6172534227371216 0.4712556004524231 
1.2523537874221802 0.28962573409080505 1.1898248195648193 
1.0530117750167847 0.24788403511047363 1.4327360391616821 
0.9873712658882141 0.29716378450393677 1.4204723834991455 
1.1276888847351074 0.2460029423236847 1.3590339422225952 
1.2584826946258545 0.37750983238220215 0.5671976804733276 
1.0014005899429321 0.7305409908294678 0.43748825788497925 
1.770324945449829 0.16215959191322327 0.4596291780471802 
0.8522565960884094 0.4014577567577362 1.4422036409378052 
0.9322847723960876 0.6401126980781555 0.9003071784973145 
0.9469775557518005 0.35347291827201843 1.3838222026824951 
0.9387522339820862 0.6083554029464722 1.232182502746582 
0.9782364964485168 0.28007617592811584 1.807908535003662 
0.9344168305397034 0.677458643913269 0.7431415915489197 
1.2629592418670654 0.18776924908161163 1.3601009845733643 
1.439178228378296 0.33840858936309814 0.19811150431632996 
1.0582059621810913 0.40380343794822693 1.2699604034423828 
1.344374656677246 0.30320343375205994 0.664003849029541 
1.1195437908172607 0.5275200605392456 0.4355262815952301 
1.1459386348724365 0.5632523894309998 0.24634288251399994 
1.1188496351242065 0.5117152333259583 0.525996744632721 
1.0955543518066406 0.585323691368103 0.34081733226776123 
1.2590336799621582 0.39221474528312683 0.23660561442375183 
1.0960869789123535 0.4265618920326233 1.0905219316482544 
1.066559076309204 0.6491080522537231 0.24992358684539795 
1.2882411479949951 0.3639422357082367 0.23355552554130554 
1.171684741973877 0.37985342741012573 0.9976547956466675 
1.6932698488235474 0.21666520833969116 0.17722004652023315 
1.1402310132980347 0.3580635190010071 1.2252625226974487 
1.155653715133667 0.4936216175556183 0.4366573989391327 
0.9882621765136719 0.4540807902812958 1.3120956420898438 
1.2200863361358643 0.41751381754875183 0.560440182685852 
1.339787244796753 0.173569455742836 1.3535008430480957 
1.297250509262085 0.34619051218032837 0.6025828123092651 
1.0876164436340332 0.6048747897148132 0.5515508055686951 
1.5242581367492676 0.23803257942199707 0.48651307821273804 
1.6809163093566895 0.24788764119148254 0.19250552356243134 
1.5819257497787476 0.25956645607948303 0.20675253868103027 
1.31951904296875 0.33973270654678345 0.5286324620246887 
0.942735493183136 0.7446494102478027 0.6576415300369263 
0.8460969924926758 0.5141965746879578 1.3506829738616943 
1.0800883769989014 0.5325211882591248 0.6299413442611694 
1.2675806283950806 0.22256697714328766 1.3542826175689697 
1.1001110076904297 0.47223636507987976 0.8106245398521423 
1.1114249229431152 0.22358807921409607 1.4336521625518799 
1.3515625 0.2870400547981262 0.7671741247177124 
1.1745980978012085 0.21094411611557007 1.382059097290039 
1.4595215320587158 0.2401185929775238 0.29602116346359253 
1.489227294921875 0.23065078258514404 0.660472571849823 
1.106270432472229 0.6051536202430725 0.24680745601654053 
1.6053110361099243 0.1989806890487671 0.4873289465904236 
1.1213585138320923 0.4848613142967224 0.6261996030807495 
1.6119390726089478 0.2025132030248642 0.43045511841773987 
1.4554815292358398 0.20111747086048126 1.096653938293457 
1.3613046407699585 0.2981652617454529 0.2952970862388611 
1.7338192462921143 0.1815178096294403 0.3009728491306305 
1.5356414318084717 0.26366257667541504 0.2496805489063263 
1.2011467218399048 0.4418005049228668 0.22883792221546173 
1.3987752199172974 0.25766608119010925 0.8214462995529175 
1.128209114074707 0.39648202061653137 0.7002096176147461 
1.1852575540542603 0.48525893688201904 0.3362612724304199 
1.207167625427246 0.40623313188552856 0.6712660789489746 
1.5734896659851074 0.2005886733531952 0.6407812833786011 
1.227306604385376 0.363705039024353 0.810586154460907 
1.3950507640838623 0.3830912709236145 0.18185153603553772 
1.21170175075531 0.2530824542045593 1.3438893556594849 
1.1442779302597046 0.5878562331199646 0.20166583359241486 
1.2927403450012207 0.443841814994812 0.20035935938358307 
1.5618830919265747 0.19799527525901794 0.7052696943283081 
1.281697392463684 0.28576725721359253 1.0770411491394043 
1.3119773864746094 0.28902924060821533 0.9274143576622009 
1.330774188041687 0.25959867238998413 1.0614439249038696 
1.125445008277893 0.3933408260345459 1.10219144821167 
1.2317829132080078 0.4976559281349182 0.200171560049057 
1.5476045608520508 0.23715785145759583 0.38059619069099426 
1.1980832815170288 0.5331832766532898 0.19680362939834595 
1.5735723972320557 0.17696377635002136 0.9577397704124451 
1.2651889324188232 0.2921265959739685 0.7368495464324951 
1.3397647142410278 0.4242665469646454 0.1750323623418808 
1.1628092527389526 0.4535989463329315 0.6105045080184937 
1.2065925598144531 0.33789968490600586 1.0204068422317505 
1.2071998119354248 0.3223353624343872 1.1365399360656738 
1.2968406677246094 0.3572210669517517 0.7327104806900024 
1.331986427307129 0.22155258059501648 1.2861394882202148 
1.3794159889221191 0.22267413139343262 1.1481316089630127 
1.6590547561645508 0.2027987390756607 0.29972508549690247 
1.4705767631530762 0.21998992562294006 0.7988839149475098 
1.3407891988754272 0.3271887004375458 0.23451119661331177 
1.4731909036636353 0.18346112966537476 1.2015045881271362 
1.4545605182647705 0.24049556255340576 0.7245452404022217 
