1.2946710586547852 0.01480537187308073 0.015995150431990623 0.013967982493340969 2.0030243396759033 
0.012984668835997581 0.012973167933523655 0.013472123071551323 0.013560476712882519 9.853326797485352 
0.015335503965616226 0.013630367815494537 3.8779139518737793 0.014809107407927513 2.002131700515747 
0.016111621633172035 0.014555607922375202 0.017117509618401527 5.048508167266846 2.0015885829925537 
0.02195926010608673 2.129511594772339 0.015828272327780724 0.044296592473983765 2.0072221755981445 
0.10538974404335022 0.060378316789865494 0.027483267709612846 2.681735038757324 2.009833812713623 
0.0278447438031435 0.8335980772972107 0.12293864786624908 0.6544855237007141 2.047759532928467 
0.43236956000328064 0.01909937523305416 0.1335371434688568 0.07220826297998428 4.016939640045166 
0.13466371595859528 0.14401985704898834 0.7670450806617737 0.28262534737586975 2.000337839126587 
0.10188443213701248 0.09956315159797668 0.5453269481658936 1.0195742845535278 2.6988847255706787 
0.01602746732532978 0.01629047840833664 0.04248030483722687 1.0926433801651 6.046694278717041 
0.03765705227851868 0.13087844848632812 0.36660900712013245 0.5897533893585205 4.023683071136475 
0.5020419955253601 0.05513782799243927 0.06411484628915787 0.5397550463676453 2.0133674144744873 
0.057156242430210114 0.12878628075122833 1.813484787940979 0.053902409970760345 2.005690813064575 
0.11705774813890457 0.12480466067790985 0.2658427655696869 0.18242773413658142 3.9955527782440186 
0.04647376388311386 0.8998091816902161 0.2746638059616089 0.17664498090744019 2.002847671508789 
0.33254820108413696 0.027993250638246536 0.028127135708928108 0.689594030380249 4.103350639343262 
0.02295423299074173 0.05718103423714638 0.16072547435760498 1.3232022523880005 4.017685413360596 
0.03110908716917038 0.5876671671867371 0.028983771800994873 0.03928038477897644 6.0597920417785645 
0.03707265481352806 0.1335497349500656 0.4211345911026001 1.4372835159301758 2.0245251655578613 
0.018994085490703583 0.017086578533053398 2.611579179763794 0.2822245955467224 2.003507375717163 
0.018969997763633728 0.01956234499812126 2.4299263954162598 0.29666364192962646 3.2507169246673584 
0.017913447692990303 0.024867400527000427 2.9683823585510254 0.0660979226231575 2.0046029090881348 
0.7222185134887695 0.12842515110969543 0.03460630029439926 0.0889301747083664 2.9366047382354736 
0.21062946319580078 0.29593026638031006 0.2568134665489197 0.297442764043808 2.004222869873047 
0.03366674482822418 0.04153793305158615 1.1743520498275757 0.9012138247489929 2.003443956375122 
0.35680460929870605 0.26389437913894653 0.05189673230051994 0.3590194582939148 2.3640811443328857 
0.15891435742378235 0.14597228169441223 0.017256537452340126 0.5172284245491028 4.502377986907959 
0.24212270975112915 0.3239498734474182 0.0601160004734993 0.5465388298034668 2.003516435623169 
0.030782822519540787 0.3795625865459442 0.15278957784175873 0.36140176653862 4.043228626251221 
0.11384330689907074 0.3735000789165497 0.06887470185756683 1.004043459892273 2.0151095390319824 
0.0442228689789772 0.21732988953590393 0.49119874835014343 0.9961564540863037 2.0090670585632324 
0.1960400491952896 0.06078902631998062 0.2131357640028 1.0923988819122314 2.863125801086426 
0.0484648197889328 0.8415027856826782 0.5297127366065979 0.04843201860785484 2.058115243911743 
0.4080560505390167 0.12167255580425262 0.14298979938030243 0.31863120198249817 2.0010013580322266 
0.045733124017715454 0.08757570385932922 0.7276018261909485 1.0588899850845337 2.0038366317749023 
0.2005702406167984 0.36387744545936584 0.13124734163284302 0.419282466173172 2.2760913372039795 
0.034315094351768494 0.05508016049861908 1.3026151657104492 0.5811265707015991 2.333603858947754 
0.08338623493909836 0.6393808126449585 0.055325523018836975 0.6251530647277832 2.627396583557129 
0.1109880805015564 0.6915304660797119 0.023837190121412277 0.6208058595657349 2.0297770500183105 
0.3800541162490845 0.013557077385485172 0.39683425426483154 0.4184442460536957 2.5372238159179688 
0.05744726210832596 0.059660620987415314 0.10495467483997345 0.16718515753746033 5.991695880889893 
0.22416901588439941 0.5412164330482483 0.07008251547813416 0.27412331104278564 2.0151922702789307 
0.04580742120742798 0.07899897545576096 0.2659885585308075 2.013564109802246 2.004732608795166 
0.017608430236577988 0.014436041004955769 2.0249922275543213 0.5764324069023132 2.040043592453003 
0.044577427208423615 0.8474448323249817 0.28100642561912537 0.1687532514333725 2.691028356552124 
0.022006280720233917 0.10496734827756882 0.01551433838903904 3.61336088180542 2.028862953186035 
0.179939404129982 0.2287892997264862 0.14602841436862946 0.07397980988025665 4.109025001525879 
0.180013969540596 0.03752310201525688 1.1544195413589478 0.31196972727775574 2.015564203262329 
0.3055596351623535 0.2144405096769333 0.3917667865753174 0.07749193161725998 2.601923942565918 
0.2628871500492096 0.13425514101982117 0.5939143300056458 0.1294926404953003 2.0257792472839355 
0.057521753013134 0.10456854104995728 0.16116118431091309 2.9866859912872314 2.863126039505005 
0.019591009244322777 1.45889413356781 0.06790401041507721 0.271218478679657 2.012718915939331 
0.075130395591259 0.4759462773799896 0.5018805861473083 0.23337996006011963 2.0382041931152344 
0.15242254734039307 0.2287752330303192 0.1875603348016739 0.7332530617713928 2.022366762161255 
0.5372900366783142 0.012694674544036388 0.5929983854293823 0.039888277649879456 2.5363221168518066 
0.5302515625953674 0.14342328906059265 0.06764551997184753 0.23486636579036713 2.0064175128936768 
0.10522902756929398 0.01574971154332161 0.5144531726837158 1.3994503021240234 2.0000059604644775 
0.35340332984924316 0.11331802606582642 0.5006874203681946 0.09596695005893707 2.00557279586792 
0.12075503915548325 0.06699077785015106 0.44347554445266724 1.001142978668213 2.00252103805542 
0.08916936814785004 0.153354674577713 0.6039054989814758 0.666970431804657 2.026400089263916 
0.2706815302371979 0.03805151581764221 1.0969964265823364 0.04157732427120209 2.5893361568450928 
0.0990528017282486 0.1364576369524002 1.0827083587646484 0.2145528793334961 2.9156885147094727 
0.31694647669792175 0.5231472849845886 0.08287975192070007 0.08289127051830292 2.010439395904541 
0.026786692440509796 0.016513392329216003 0.0334293469786644 3.830038070678711 4.639133930206299 
0.07303757965564728 0.4945746064186096 0.20054620504379272 0.6077067255973816 2.0069518089294434 
0.22015030682086945 0.7170701622962952 0.016855651512742043 0.2529793679714203 2.002256155014038 
0.026178162544965744 0.5950655937194824 0.9914920330047607 0.05729479342699051 2.03617262840271 
1.0201284885406494 0.028996529057621956 0.030501563102006912 0.1989952176809311 2.0181379318237305 
0.051185980439186096 1.0548937320709229 0.33371588587760925 0.03839150816202164 2.0062692165374756 
0.1549793779850006 0.0462026409804821 0.24362719058990479 1.4054995775222778 2.010437488555908 
0.02227650210261345 0.022642312571406364 0.05340714380145073 0.053198885172605515 7.981281757354736 
0.4478181302547455 0.2601984739303589 0.190660297870636 0.04573768377304077 2.033637523651123 
0.04132324457168579 0.455041766166687 0.3093814253807068 0.8918361067771912 3.867971658706665 
0.22333171963691711 0.018274996429681778 0.42865484952926636 0.9849565625190735 2.2396023273468018 
0.23941734433174133 0.12381501495838165 0.21304160356521606 0.6792974472045898 2.0044801235198975 
0.062473416328430176 0.061675041913986206 0.1762194037437439 1.2416027784347534 5.550624847412109 
0.3675048351287842 0.054982103407382965 0.9366506934165955 0.09264905750751495 2.9973630905151367 
0.22509725391864777 0.1195170134305954 0.4025557339191437 0.43926289677619934 2.0356998443603516 
0.06544134020805359 0.9044272303581238 0.06619036197662354 0.024792592972517014 4.03479528427124 
0.020955117419362068 0.29969388246536255 0.6523259878158569 0.019923115149140358 5.926609039306641 
0.37586069107055664 0.14348681271076202 0.15953320264816284 0.6370295882225037 2.040496826171875 
0.02290879189968109 0.42059919238090515 1.4221121072769165 0.043667957186698914 2.0362963676452637 
0.11940498650074005 0.21600058674812317 0.38280943036079407 0.5906296968460083 2.1581857204437256 
0.27303099632263184 0.07807208597660065 0.06252029538154602 1.1880182027816772 2.031951427459717 
0.09464946389198303 0.18885290622711182 0.14313071966171265 1.3941112756729126 2.0138723850250244 
0.19683194160461426 0.2886831760406494 0.2354148030281067 0.36327269673347473 2.4481067657470703 
0.09324023872613907 0.22316013276576996 0.9262186288833618 0.19035665690898895 2.0289344787597656 
0.10795962065458298 0.04168500378727913 2.2356648445129395 0.022314898669719696 2.0084030628204346 
0.04644828289747238 0.9117000102996826 0.01784706488251686 0.6840828657150269 3.618708848953247 
0.09207113087177277 1.3691904544830322 0.0685061663389206 0.07330425083637238 2.0716805458068848 
0.11504356563091278 0.03436461091041565 0.7752150297164917 0.07913029193878174 4.009799003601074 
0.02435481920838356 0.6371837258338928 0.7823224067687988 0.2076999396085739 2.915587902069092 
0.15285488963127136 0.7890493869781494 0.05874137580394745 0.23408640921115875 2.0276174545288086 
0.01477628294378519 0.016821028664708138 0.8734576106071472 1.8742032051086426 2.0025033950805664 
0.38166821002960205 0.11973999440670013 0.04664823040366173 0.5399965643882751 2.9580776691436768 
0.022568151354789734 0.05985055863857269 0.7685842514038086 0.33380746841430664 4.1153364181518555 
0.10427333414554596 0.06838800758123398 0.34980887174606323 0.1375351846218109 6.525372505187988 
0.055383943021297455 0.12571878731250763 0.8242437839508057 0.5536484122276306 2.8971195220947266 
0.15341906249523163 0.46027302742004395 0.06677072495222092 0.553674578666687 3.2905097007751465 
0.17341360449790955 0.32464972138404846 0.479678750038147 0.12127608060836792 2.0612871646881104 
0.14246100187301636 0.539198637008667 0.28788048028945923 0.23293933272361755 2.0518391132354736 
0.6146560311317444 0.02334686368703842 0.26490166783332825 0.18383009731769562 2.0087995529174805 
0.07568608224391937 0.07718653976917267 0.6698999404907227 0.246082603931427 4.031935214996338 
0.04185925051569939 0.03661583364009857 1.6497489213943481 0.12246806919574738 4.029484748840332 
0.24281634390354156 0.222367525100708 0.017506344243884087 0.10244901478290558 5.402146339416504 
0.06843521445989609 0.026213517412543297 0.09865671396255493 2.561969518661499 4.556995868682861 
0.05209391936659813 0.11101298034191132 1.369935393333435 0.2962937653064728 2.004625082015991 
0.1625862568616867 0.1585809290409088 0.4701695144176483 0.4291149377822876 2.001983165740967 
0.1014767736196518 0.6155020594596863 0.05769708752632141 0.04512409120798111 4.023144245147705 
0.013886761851608753 0.014651007950305939 1.9267421960830688 0.07642298191785812 4.007091522216797 
0.07714837044477463 1.1139161586761475 0.059975337237119675 0.23437438905239105 2.0584967136383057 
0.47166937589645386 0.05602823197841644 0.06087370216846466 0.52126544713974 2.5969669818878174 
0.18867546319961548 0.3098990023136139 0.263252854347229 0.26197004318237305 2.650134325027466 
0.05813119560480118 0.31126868724823 0.7858220338821411 0.30783775448799133 2.008618116378784 
0.10115879774093628 0.1820317506790161 0.6617259979248047 0.41411271691322327 2.906627893447876 
0.02489302307367325 0.3705126941204071 0.5916104316711426 0.6689869165420532 2.04656982421875 
0.06004290282726288 0.34534817934036255 0.028035691007971764 1.6883306503295898 2.0230414867401123 
0.38179463148117065 0.08465676754713058 0.04649890214204788 0.14893637597560883 5.062223434448242 
0.7719240784645081 0.08198168873786926 0.10732957720756531 0.03600045666098595 2.0082523822784424 
