0.021378742530941963 0.021704524755477905 5.965505599975586 
0.04187088832259178 4.0166215896606445 0.021067868918180466 
2.0228912830352783 0.12053149193525314 0.051035940647125244 
1.9338080883026123 0.03945700451731682 2.571307420730591 
0.7180892825126648 0.033426977694034576 3.236208200454712 
0.024994321167469025 1.4835946559906006 3.1060731410980225 
2.014629602432251 0.27106955647468567 0.9122063517570496 
0.6559225916862488 0.030987273901700974 3.552842378616333 
0.02446931228041649 1.330214262008667 3.4173619747161865 
0.01742101088166237 1.0503346920013428 4.302932262420654 
1.8108413219451904 1.6833670139312744 1.9225877523422241 
0.2574388384819031 3.9800374507904053 0.5073391199111938 
2.027291774749756 0.09579476714134216 0.5281855463981628 
1.989280104637146 0.623714804649353 0.4670914113521576 
2.0176584720611572 0.41737523674964905 0.041673243045806885 
1.951755404472351 1.0830234289169312 0.03629744425415993 
0.44584938883781433 1.2977800369262695 3.0170817375183105 
0.23544850945472717 1.5227521657943726 3.0367820262908936 
0.06436744332313538 1.1690541505813599 3.880049228668213 
0.18013285100460052 4.002161502838135 0.036954235285520554 
0.8475430607795715 0.14937269687652588 2.961488962173462 
0.955995500087738 3.4374444484710693 2.0998125076293945 
1.9071154594421387 0.7591771483421326 2.347472906112671 
1.8873248100280762 1.4884414672851562 0.44051456451416016 
0.7211809158325195 0.23660866916179657 3.2081472873687744 
0.574198842048645 3.674013137817383 2.6724960803985596 
1.6907330751419067 2.2120094299316406 0.02981465496122837 
0.7830509543418884 3.7550222873687744 0.04867549240589142 
1.992903232574463 0.0891907662153244 1.3470828533172607 
0.4998232424259186 0.21311083436012268 4.5869951248168945 
0.35091352462768555 1.181091547012329 3.353248119354248 
0.4827536642551422 0.03161666542291641 4.7483720779418945 
0.5977959036827087 0.931632936000824 3.0879898071289062 
1.926450490951538 1.0890049934387207 0.8602978587150574 
0.08700373768806458 3.838197946548462 2.8385660648345947 
0.9953022599220276 3.509835720062256 0.028980517759919167 
0.7461199760437012 3.675920009613037 1.4049204587936401 
0.3430825471878052 0.5209569931030273 5.152202129364014 
0.06314361095428467 0.8749710321426392 5.0352349281311035 
1.8718541860580444 1.1883152723312378 2.3070602416992188 
0.7027314901351929 1.0251661539077759 2.950707197189331 
0.03394295647740364 3.9273622035980225 1.6794278621673584 
0.48815426230430603 3.791369676589966 2.0775787830352783 
0.6257442235946655 0.40410760045051575 3.6381680965423584 
0.4200671911239624 1.1766818761825562 3.2641429901123047 
0.5441849231719971 0.7255421280860901 3.5763092041015625 
0.7253769040107727 0.7437512874603271 2.996494770050049 
1.179187536239624 3.3079283237457275 0.6124700903892517 
1.9851263761520386 0.7471884489059448 0.028198417276144028 
0.590860903263092 0.14348265528678894 3.9431002140045166 
1.862345814704895 1.564300298690796 0.027930062264204025 
0.2856711447238922 3.8993067741394043 1.6799166202545166 
1.8023715019226074 1.7928335666656494 0.4817824959754944 
1.18550443649292 3.123652935028076 1.8704630136489868 
0.6203134655952454 0.696392297744751 3.277646064758301 
1.3615714311599731 2.984847068786621 0.021275436505675316 
0.7931153178215027 0.45907652378082275 3.00307297706604 
1.2336530685424805 3.193978786468506 0.027954386547207832 
1.2777115106582642 3.134999990463257 0.43576779961586 
0.40669751167297363 0.6618028879165649 4.514763355255127 
0.2338433712720871 3.972688913345337 0.9130778312683105 
0.2575685977935791 1.1501089334487915 3.6698925495147705 
0.33857473731040955 0.9286758303642273 4.1430816650390625 
1.810508370399475 1.742053747177124 1.0817567110061646 
0.388641893863678 3.957550048828125 0.49444860219955444 
1.0888621807098389 3.193122148513794 2.4245433807373047 
1.8067340850830078 1.859281301498413 0.06184699758887291 
0.4282046854496002 0.8204386234283447 3.9406442642211914 
0.2524498701095581 3.8502891063690186 2.7572479248046875 
0.9621273875236511 3.4880871772766113 1.2704144716262817 
0.36292263865470886 3.982637405395508 0.0505053736269474 
1.5343509912490845 2.6462111473083496 0.04324708878993988 
1.628109335899353 2.159363269805908 2.1258459091186523 
0.6347852349281311 3.741044282913208 1.833966612815857 
0.20094609260559082 1.0888030529022217 4.087411403656006 
1.3225417137145996 2.872274160385132 2.1000895500183105 
0.27217596769332886 0.8747132420539856 4.554014682769775 
0.08036665618419647 1.5263645648956299 3.052234172821045 
0.2656264007091522 3.920206308364868 1.3157985210418701 
1.869797945022583 1.0726323127746582 2.707918167114258 
1.4322141408920288 2.8296585083007812 1.2585033178329468 
1.3497854471206665 2.9010117053985596 1.6786621809005737 
1.5445677042007446 2.5811502933502197 0.8381798267364502 
1.7695955038070679 1.8196532726287842 2.3116726875305176 
0.9481823444366455 3.3892412185668945 2.7971880435943604 
1.9841594696044922 0.5618239641189575 0.8522313833236694 
0.5523465871810913 1.089247703552246 3.1054399013519287 
0.7742801308631897 3.714754819869995 0.8197261095046997 
1.2583154439926147 2.974879026412964 2.643650770187378 
0.18284162878990173 0.7999292612075806 5.015375137329102 
0.3165004253387451 1.568679690361023 2.9671685695648193 
0.5548604726791382 0.551520049571991 4.0197649002075195 
1.638575792312622 2.298543930053711 0.6580557227134705 
0.6038941740989685 3.839843988418579 0.027333315461874008 
1.4520279169082642 2.5755460262298584 2.575880765914917 
1.9284749031066895 1.0304213762283325 1.4519531726837158 
0.4595544934272766 3.830303192138672 1.6742852926254272 
0.5648704767227173 3.8041985034942627 1.389799952507019 
1.7539639472961426 1.954862356185913 0.9408189654350281 
0.931181013584137 3.5909488201141357 0.43558356165885925 
1.8465756177902222 1.573246717453003 0.942464292049408 
0.36261868476867676 0.11199255287647247 5.738528251647949 
1.3108576536178589 3.0934369564056396 0.8351498246192932 
0.02843637764453888 4.010859966278076 0.41789135336875916 
1.027954339981079 3.3873438835144043 1.436930775642395 
0.4506877064704895 0.9452208876609802 3.57680344581604 
1.2251453399658203 3.1528587341308594 1.1528000831604004 
1.5365489721298218 2.5053272247314453 2.125854969024658 
0.18056976795196533 0.5267083048820496 5.825686931610107 
0.8860853910446167 3.5453240871429443 1.6794341802597046 
0.7492039203643799 3.5676631927490234 2.5418667793273926 
1.9680778980255127 0.09563550353050232 1.8942166566848755 
1.9678460359573364 0.792854905128479 1.0562022924423218 
1.96476411819458 0.5655995607376099 1.7208188772201538 
1.6496134996414185 2.1474409103393555 1.5980556011199951 
0.5916767716407776 0.04087602347135544 3.94091796875 
1.9020748138427734 1.2542098760604858 1.8034214973449707 
0.7073442935943604 0.411531537771225 3.254950523376465 
1.511389970779419 2.646162986755371 0.6639424562454224 
0.21642513573169708 1.3052775859832764 3.3343992233276367 
